Iteration 0
Total times
958793.6499644758
962956.8877540468
1808.9714127961572
351.31967115003954
4.909239999999997
5.861506700515747
Regrets
2712.1837384785517
2712.183844099781
2723.678961840412
2699.885605014058
3093418.606153846
2712.2119363996335
Iteration 1
Total times
748492.1678179287
765259.623320203
2245.8389262831897
298.9455891227517
6.006114000000094
6.872863531112671
Regrets
2014.277903132674
2014.277921513703
2074.289961593356
2058.266322213437
3099173.725076927
2014.2779888830005
Iteration 2
Total times
377618.157429002
380889.75443459593
2121.5494616815367
228.2387130933348
5.775866000000069
6.729966640472412
Regrets
2603.132028340664
2603.1321290124947
2661.949083895627
2635.2910555526532
3086906.915384621
2603.1319922893213
Iteration 3
Total times
113474.23078379157
143208.8717131629
1874.548614350373
404.5891271880446
5.728976000000088
7.342425346374512
Regrets
2059.8398659740533
2059.839810462491
2117.5384715857244
2094.9637316687254
3091961.3616923033
2059.8398107705793
Iteration 4
Total times
353842.8674040745
362252.14786591777
1974.8742187872776
425.15541842232415
5.026115000000015
6.067538261413574
Regrets
2278.9925861352017
2278.9928032992543
2297.1258854603043
2312.64146594605
3094175.707384611
2278.992524898374
Iteration 15
Total times
1159670.85895884
1128690.9779949214
2050.852972436801
512.7950994378125
5.974353000000092
7.063390254974365
Regrets
2051.4569164623895
2051.456903431866
2090.4123200634617
2083.4738776697054
3096012.6783076953
2051.456749721664
Iteration 16
Total times
15404.165673612668
27422.719269311987
2152.160194842963
468.0440291270943
6.04763800000008
7.2395007610321045
Regrets
2332.442385914953
2332.442299744753
2378.8748027282895
2360.1698621793034
3087158.402307695
2332.4424868812257
Iteration 15
Total times
2146031.03748101
2103008.9189448315
3594.131938503031
937.0730760315964
11.46664200000012
13.096290826797485
Regrets
2051.456921078021
2051.456755116392
2092.4964915334585
2083.4413930731985
3096012.678307696
2051.45674972168
Iteration 17
Total times
1153867.0322817496
1126029.497983995
2684.236022406243
620.3688645786315
6.013531000000013
7.373741626739502
Regrets
2549.136070005741
2549.1358853114107
2556.5402420293294
2540.063474734773
3092439.9809999936
2549.136319682308
Iteration 16
Total times
29069.98375042109
52369.65864417174
4233.016135769472
901.8007618057491
11.005943000000201
13.20366644859314
Regrets
2332.442385914964
2332.442304328671
2378.0890926247325
2359.4313923424097
3087158.402307695
2332.4424868812416
Iteration 18
Total times
959118.1818024529
935430.3675845147
2078.4192761704508
445.31732913660016
6.000789000000063
7.280730724334717
Regrets
2478.2856230316256
2478.285546190166
2525.900827736719
2517.533078140843
3097723.1237692377
2478.2862191854474
Iteration 19
Total times
16413.476346935568
13400.846128875937
2119.2464768647187
456.6472046747931
5.8911080000000915
7.318619966506958
Regrets
2235.655038292864
2235.6550625430295
2286.5608659262484
2265.0582743655104
3100410.3028461533
2235.6550728302595
Iteration 17
Total times
2137831.9500861135
2097837.9252999453
5058.185690665716
1159.994413356264
11.117836000000123
14.057114839553833
Regrets
2549.1360662955153
2549.135887785865
2557.4265916709755
2540.500474734788
3092439.9809999936
2549.136319682307
Iteration 18
Total times
1777981.5126299874
1739770.9539182803
3958.656205087449
886.2189721573413
11.08953000000014
13.117984294891357
Regrets
2478.2856169996776
2478.285546039225
2526.3654443813402
2517.5865164769402
3097723.1237692377
2478.2862191854565
Iteration 19
Total times
30800.61921770905
25374.94693416181
4162.019119802244
857.5119412486201
11.084323000000156
14.205780744552612
Regrets
2235.655037340774
2235.65505580591
2286.180487716511
2264.1604292940765
3100410.3028461537
2235.6550728302796
Iteration 15
Total times
2672363.0020260466
2608389.125673244
4974.557557169568
1273.3554502133347
14.096904999999978
16.32911968231201
Regrets
2051.4569164623895
2051.456903431866
2090.4123200634617
2083.4738776697054
3096012.6783076953
2051.456749721664
Iteration 16
Total times
36177.69614869191
64413.813398048085
5246.764775052221
1175.5008974686898
13.897078999999952
16.522486448287964
Regrets
2332.442385914953
2332.442299744753
2378.8748027282895
2360.1698621793034
3087158.402307695
2332.4424868812257
Iteration 17
Total times
2670758.570087433
2489654.2332682204
5978.085301462148
1377.235360438206
13.43543299999987
15.92453646659851
Regrets
2549.136070005741
2549.1358853114107
2556.5402420293294
2540.063474734773
3092439.9809999936
2549.136319682308
Iteration 18
Total times
2031670.9592234252
2135099.1591398446
4886.361530455506
1084.2694895347922
13.930256999999962
16.468584775924683
Regrets
2478.2856230316256
2478.285546190166
2525.900827736719
2517.533078140843
3097723.1237692377
2478.2862191854474
Iteration 19
Total times
38096.04743666921
31274.889582196
5052.818578888044
1123.6921021735434
13.689772999999972
16.346946954727173
Regrets
2235.655038292864
2235.6550625430295
2286.5608659262484
2265.0582743655104
3100410.3028461533
2235.6550728302595
Iteration 5
Total times
1068601.5593775706
1105097.7009816256
1846.2808775723015
350.1758724253159
5.8089610000001315
6.8139307498931885
Regrets
2309.2328240384068
2309.232881092971
2337.139975748808
2323.633545234287
3094909.09838461
2309.259003846921
Iteration 6
Total times
1360430.9832894946
1271989.2733216307
1958.3247674543609
422.35610152957724
5.860750000000092
7.020487308502197
Regrets
2511.2583944122184
2511.2583117947697
2560.345453205785
2539.214759755773
3101994.540692309
2511.2587395275723
Iteration 7
Total times
427876.4689567726
453327.2691326082
1911.0595028875578
406.3316404399329
5.831939000000053
6.9369025230407715
Regrets
2019.0017582492947
2019.0017551706524
2069.5325018931762
2047.7069362270363
3087206.3219999997
2019.0014063436101
Iteration 8
Total times
129806.26034750689
128197.32699874512
2018.1520247862081
378.9907510263947
5.867423000000078
7.067482948303223
Regrets
2145.5719582707025
2145.5718765628467
2190.4459069706113
2170.7297450461338
3100701.378230773
2145.571814638013
Iteration 9
Total times
962339.8601815761
956686.0477712307
1906.6741913909882
508.5127559845041
5.849913000000094
6.904115438461304
Regrets
2661.612356747015
2661.6124461876843
2709.978473545383
2691.9449057142847
3089168.8449999974
2661.612235976765
Iteration 5
Total times
1858042.33129913
1848493.8202566335
2990.0524941282138
601.4344677488116
10.043116999999997
11.622551679611206
Regrets
2309.2328240384068
2309.232881092971
2337.139975748808
2323.633545234287
3094909.09838461
2309.259003846921
Iteration 6
Total times
2289967.7999193794
2174343.7623115485
3408.9816337146294
727.7605038078309
10.00245700000004
11.725032567977905
Regrets
2511.2583944122184
2511.2583117947697
2560.345453205785
2539.214759755773
3101994.540692309
2511.2587395275723
Iteration 7
Total times
737430.4440133054
458606.52198521077
3108.5193107346877
711.7116392342687
10.461096000000051
12.252836465835571
Regrets
2019.0017582492947
2019.0017551706524
2069.5325018931762
2047.7069362270363
3087206.3219999997
2019.0014063436101
Iteration 8
Total times
216104.07582092052
215595.17982678267
3499.3881057953586
658.2322287593597
10.586099000000015
11.944449663162231
Regrets
2145.5719582707025
2145.5718765628467
2190.4459069706113
2170.7297450461338
3100701.378230773
2145.571814638013
Iteration 9
Total times
1552867.1903330092
1598890.3732672292
3296.370407851202
873.7438890309459
10.114532000000029
11.844153642654419
Regrets
2661.612356747015
2661.6124461876843
2709.978473545383
2691.9449057142847
3089168.8449999974
2661.612235976765
Iteration 10
Total times
1317585.143898863
903769.5078463036
8412.435847786894
1842.5641729583967
21.275185000000075
25.032397985458374
Regrets
2137.5845610816204
2137.5845178398463
2172.5116388599963
2161.818375756521
3096944.1244615423
2137.5844612885294
Iteration 11
Total times
60673.24163918632
124601.31315078492
8689.83093196392
1675.5766172028962
19.620057999999972
23.477606296539307
Regrets
1860.711710406979
1860.7117725696303
1919.068689919396
1898.1489222932464
3093050.8323846157
1860.7118134709763
Iteration 12
Total times
1733629.4911500453
805784.0310213157
2699.279584318934
552.2743590956452
7.478407999999853
9.138766288757324
Regrets
2478.203955195697
2478.203958106541
2520.633955882521
2511.922030235489
3089123.8749999977
2478.2039232499537
Iteration 13
Total times
839933.5275147443
897556.8043112784
2706.8312243302644
631.4719104575925
7.514091999999832
9.121093034744263
Regrets
2276.06758840655
2276.0673533670574
2350.5392417602116
2322.3326334695626
3090675.1971538477
2276.067331056337
Iteration 14
Total times
1841738.9534498272
1730596.7358777276
3057.4912108330354
502.1248872899232
7.833056999999789
9.478139400482178
Regrets
2419.270651747647
2419.2705270427105
2469.918747192596
2465.983117455326
3111244.0176153826
2419.2702893580326
