Iteration 15
Total times
2587.0301623019927
1705.6279706000305
4090.8614417193403
2183.782847806017
4.812626000000022
Regrets
3452.3750352849297
3452.375710293828
2882.0131835416305
2899.5999854419774
35373.47660000001
Iteration 10
Total times
10037.716560792107
11542.7485810207
3344.932492141768
3853.468698036727
4.865816000000037
Regrets
4768.06091678292
4768.060178004052
4310.4099902246035
4328.701657546535
36059.862699999976
Iteration 5
Total times
68195.77308008015
70681.35839192012
3649.008602206921
2538.0900326554824
4.877123000000032
Regrets
8369.102137352276
8369.105682010353
8119.466170408294
8132.015576046221
37901.93619999997
Iteration 16
Total times
19129.34955740119
20102.181428576194
5080.225901944081
7150.611270007677
4.878615000000042
Regrets
6339.390076537583
6339.385220252518
5950.77811102106
5977.589015490865
37259.26969999996
Iteration 11
Total times
11504.875943633266
13309.205018104276
6527.43655927878
7692.859090156353
4.930992000000038
Regrets
5947.120183663913
5947.118232371039
5482.637470671578
5519.679062331242
35802.141299999945
Iteration 12
Total times
3662.0373805620766
3192.144890535042
2964.6889566582236
2336.371260009478
4.895167000000038
Regrets
4644.073121478827
4644.061138343089
4214.984421003961
4171.68567982275
36421.282500000045
Iteration 6
Total times
91936.49478958658
96357.98186192695
2354.1300169085494
2197.61086243894
4.921323000000035
Regrets
9441.973970694722
9441.970659687613
8985.91470245125
8967.540754966776
36239.92180000001
Iteration 17
Total times
71854.20320756001
79165.06487019722
6394.842963372092
3791.156313664163
4.887387000000041
Regrets
9206.298849910214
9206.302923872941
8787.788634463504
8783.201797585427
36373.1152
Iteration 7
Total times
25034.63767797951
24306.532611817216
3199.397131403763
5201.436266603439
4.907763000000035
Regrets
7520.04009514111
7520.0367887659695
7174.722956750958
7142.348580426898
35296.919899999964
Iteration 8
Total times
2047.2317987442484
1499.402731003137
3865.4491969287374
2381.2965912072204
4.880597000000034
Regrets
4267.659752069764
4267.661117508883
3865.063607073005
3848.0259593193814
34667.54429999996
Iteration 1
Total times
6172.8541221669475
5089.8555742532235
4611.439714980507
4924.69748252906
5.455003000000055
Regrets
4249.698236295849
4249.696308399544
3824.6384133008537
3821.497237807406
34747.823400000016
Iteration 25
Total times
30764.44051890454
30695.400592811566
4663.0579714209325
8577.688736269052
4.942296000000039
Regrets
4142.368901326048
4142.362346495454
3713.339952112552
3697.1109427503657
34954.484500000006
Iteration 25
Total times
30668.713495084008
30612.03643069431
4659.316583070519
8549.24975550966
4.877515000000033
Regrets
4142.368901326048
4142.362346495454
3713.339952112552
3697.1109427503657
34954.484500000006
Iteration 26
Total times
106376.41465633972
95096.05590924947
3977.9998041258523
4895.009944494775
4.9262970000000355
Regrets
6275.862273339979
6275.865743620314
5920.172378448832
5976.361549174937
34951.94050000003
Iteration 26
Total times
106002.83756846929
95020.76473370123
3958.449592294455
4875.837633689463
4.907454000000043
Regrets
6275.862273339979
6275.865743620314
5920.172378448832
5976.361549174937
34951.94050000003
Iteration 35
Total times
11214.528219204874
10555.441394040636
3953.045204505023
4752.802655230971
5.079539000000047
Regrets
7476.729700066789
7476.727442255203
7018.1301890518225
6993.366944611377
35387.38380000003
Iteration 21
Total times
33922.39436856851
30146.50103830858
2782.3541375105638
2673.302103412635
4.869828000000018
Regrets
6879.417053399591
6879.417970743312
6379.164610149473
6509.560671236567
34728.175999999985
Iteration 36
Total times
29248.38485066139
24737.18827571286
3472.8008481192946
6302.995659787888
5.087204000000046
Regrets
3871.277755861421
3871.2749240284807
3415.193005791053
3406.00824806642
36165.04890000002
Iteration 37
Total times
78049.10915800463
75100.70886506958
10734.3492514304
6681.7954486574
5.096932000000046
Regrets
4858.300178957363
4858.300286796863
4456.486311785826
4461.994055388169
35313.10889999997
Iteration 38
Total times
27620.24130434317
22901.05692048143
3091.3669905930865
2722.5762034508916
5.077028000000052
Regrets
6135.359022989107
6135.3547343756645
5788.56302323916
5792.347558253779
37276.327200000014
Iteration 40
Total times
18104.449017006802
17935.81145787719
10484.302285728609
5637.0894163232615
10.638862999999972
Regrets
4749.290362055917
4749.282139473772
4418.259462062305
4398.6382419195925
36614.70509999995
Iteration 23
Total times
19323.582236366903
17685.903911755435
11195.243861313533
12676.725741901291
10.221433000000014
Regrets
3774.0385715257
3774.037908385976
3314.309705255682
3317.2186188940386
35790.447500000024
Iteration 39
Total times
71676.73783468259
73427.9498870008
2433.580327756171
2879.9075009259977
5.092259000000047
Regrets
7717.259885663166
7717.26537904639
7344.908745714417
7292.802987616414
37485.293599999975
Iteration 24
Total times
28547.757050839406
25335.635201070305
7308.364921239221
4660.5169877079
10.369122999999977
Regrets
4544.4943882430825
4544.489941051554
4086.1514317802894
4119.1893743408145
34934.236199999956
