[0 0 0 0 0 0 0 0 0 0 0 0 0 0 0 0 0 0 0 0 0 0 0 0 0]
Academic license - for non-commercial use only - expires 2021-07-09
Using license file C:\Users\jaimo\gurobi.lic
n = 50, T = 1000, Epsilon = 1/n^3
Total times
105540.125
101578.546875
2566.203125
2616.296875
0.48522472381591797
19.62678599999997
Iterate times
time_u = [97520.3125, 311.1875, 3707.734375, 767.609375, 187.703125, 30.265625, 35.140625, 78.6875, 9.640625, 14.328125, 13.375, 10.734375, 16.953125, 14.390625, 4.328125, 4.671875, 1.625, 15.265625, 9.5625, 1.921875, 2.796875, 4.546875, 15.71875, 4.96875, 22.46875, 9.125, 9.734375, 5.84375, 2.375, 6.5625, 5.5625, 8.015625, 13.703125, 4.125, 2.71875, 5.15625, 7.484375, 11.078125, 3.484375, 3.453125, 4.515625, 15.0, 5.28125, 5.15625, 5.625, 2.859375, 3.609375, 8.53125, 6.328125, 1.1875, 6.9375, 4.0625, 7.359375, 8.15625, 2.765625, 2.65625, 7.78125, 4.046875, 12.625, 2.765625, 2.421875, 4.5625, 8.328125, 3.578125, 8.234375, 6.5, 2.703125, 5.953125, 6.546875, 9.3125, 6.015625, 3.953125, 6.625, 1.96875, 4.9375, 1.578125, 16.234375, 7.25, 1.75, 6.796875, 3.390625, 4.75, 4.34375, 3.1875, 6.578125, 2.890625, 2.453125, 12.90625, 2.5, 3.734375, 9.78125, 3.0, 4.453125, 3.546875, 5.46875, 1.890625, 7.390625, 4.625, 13.734375, 3.09375, 10.859375, 4.03125, 2.65625, 1.890625, 7.28125, 4.5, 3.78125, 4.25, 7.015625, 2.390625, 9.90625, 8.375, 4.53125, 5.9375, 8.25, 2.171875, 7.171875, 2.421875, 3.265625, 2.734375, 2.140625, 8.265625, 6.796875, 7.1875, 5.203125, 2.25, 3.40625, 3.75, 21.40625, 5.40625, 6.296875, 6.75, 3.203125, 5.90625, 11.96875, 32.046875, 0.75, 6.84375, 6.0, 2.34375, 3.171875, 2.15625, 10.3125, 5.453125, 3.703125, 6.6875, 1.65625, 9.3125, 2.109375, 2.953125, 4.625, 10.78125, 1.9375, 4.59375, 3.28125, 4.984375, 8.296875, 2.5625, 6.53125, 5.28125, 8.96875, 8.890625, 3.0625, 1.828125, 7.59375, 3.40625, 9.015625, 2.421875, 3.84375, 3.171875, 5.6875, 14.109375, 1.75, 9.6875, 11.234375, 5.578125, 5.953125, 2.828125, 1.3125, 2.75, 4.46875, 4.21875, 2.703125, 4.671875, 10.71875, 8.703125, 2.3125, 7.859375, 10.234375, 1.875, 2.671875, 3.09375, 8.34375, 3.5625, 3.546875, 6.453125, 4.109375, 2.90625, 7.109375, 23.546875, 3.9375, 11.140625, 1.53125, 6.25, 14.0625, 1.28125, 4.078125, 2.515625, 5.28125, 12.078125, 7.25, 2.3125, 6.84375, 5.734375, 2.9375, 4.46875, 3.046875, 3.78125, 12.84375, 11.796875, 2.90625, 2.203125, 10.5625, 1.65625, 1.984375, 39.78125, 8.90625, 10.25, 5.140625, 4.921875, 12.953125, 2.203125, 2.421875, 6.6875, 2.8125, 4.25, 1.546875, 5.265625, 4.84375, 1.984375, 14.40625, 7.609375, 2.03125, 6.765625, 7.078125, 3.0625, 1.90625, 3.9375, 2.9375, 11.25, 6.125, 3.625, 1.25, 1.609375, 1.0, 6.921875, 10.046875, 4.640625, 2.765625, 6.046875, 7.28125, 17.53125, 4.734375, 9.265625, 11.3125, 1.3125, 4.40625, 2.0, 7.625, 9.984375, 5.421875, 7.28125, 8.9375, 8.953125, 3.078125, 2.46875, 7.828125, 3.09375, 2.3125, 10.0, 11.34375, 4.84375, 6.625, 7.171875, 4.890625, 5.71875, 2.390625, 6.546875, 2.78125, 6.78125, 7.828125, 2.53125, 7.8125, 3.0625, 5.421875, 5.578125, 5.453125, 2.796875, 6.34375, 12.640625, 3.421875, 12.625, 6.84375, 0.75, 3.5625, 4.609375, 10.1875, 6.65625, 7.453125, 1.25, 2.921875, 9.03125, 9.875, 1.515625, 6.890625, 2.46875, 5.78125, 5.953125, 2.890625, 11.515625, 4.109375, 10.78125, 2.34375, 10.359375, 4.734375, 2.28125, 2.59375, 4.640625, 7.765625, 4.703125, 2.03125, 2.65625, 12.484375, 5.015625, 28.984375, 9.546875, 1.53125, 7.109375, 5.390625, 7.515625, 2.40625, 13.609375, 8.03125, 9.171875, 3.390625, 15.046875, 3.234375, 6.1875, 4.3125, 3.515625, 2.34375, 1.109375, 4.796875, 13.046875, 2.6875, 2.515625, 2.6875, 8.84375, 13.984375, 1.34375, 3.78125, 3.046875, 1.078125, 2.140625, 3.21875, 11.796875, 2.96875, 0.984375, 6.3125, 9.5, 7.96875, 2.15625, 4.0625, 11.921875, 2.421875, 4.375, 8.4375, 13.609375, 6.578125, 3.25, 9.53125, 1.65625, 5.140625, 4.5625, 6.734375, 5.125, 3.15625, 2.421875, 1.515625, 5.421875, 5.953125, 2.140625, 1.453125, 2.609375, 7.34375, 6.265625, 5.046875, 1.921875, 1.71875, 4.765625, 3.0, 6.671875, 11.671875, 3.453125, 2.765625, 5.75, 5.109375, 1.203125, 2.171875, 3.359375, 4.609375, 6.40625, 6.28125, 6.984375, 3.296875, 9.03125, 4.703125, 4.15625, 9.5625, 15.890625, 3.65625, 6.453125, 10.4375, 2.84375, 2.75, 3.078125, 0.359375, 3.046875, 4.9375, 5.375, 2.296875, 4.4375, 3.15625, 5.21875, 1.9375, 10.09375, 4.4375, 3.125, 0.859375, 2.84375, 4.6875, 8.34375, 5.5, 1.765625, 1.84375, 1.8125, 6.09375, 10.3125, 6.859375, 5.671875, 3.234375, 5.171875, 17.78125, 9.0625, 1.796875, 8.125, 2.109375, 9.984375, 2.09375, 1.453125, 4.359375, 1.796875, 2.28125, 6.046875, 1.578125, 3.53125, 6.46875, 4.328125, 10.9375, 9.09375, 5.9375, 1.140625, 6.1875, 4.546875, 6.9375, 4.109375, 2.859375, 3.484375, 4.828125, 1.796875, 6.140625, 5.921875, 4.796875, 6.71875, 8.390625, 4.9375, 5.46875, 8.203125, 2.25, 2.734375, 4.3125, 10.8125, 2.453125, 10.28125, 17.9375, 3.5625, 2.8125, 5.21875, 7.3125, 3.96875]
time_a = [96471.671875, 2508.109375, 1830.796875, 307.546875, 257.765625, 36.21875, 52.390625, 79.546875, 10.734375, 23.765625, 0.0, 0, 0.0, 0, 0, 0, 0, 0, 0, 0, 0, 0, 0, 0, 0, 0, 0, 0, 0, 0, 0, 0, 0, 0, 0, 0, 0, 0, 0, 0, 0, 0, 0, 0, 0, 0, 0, 0, 0, 0, 0, 0, 0, 0, 0, 0, 0, 0, 0, 0, 0, 0, 0, 0, 0, 0, 0, 0, 0, 0, 0, 0, 0, 0, 0, 0, 0, 0, 0, 0, 0, 0, 0, 0, 0, 0, 0, 0, 0, 0, 0, 0, 0, 0, 0, 0, 0, 0, 0, 0, 0, 0, 0, 0, 0, 0, 0, 0, 0, 0, 0, 0, 0, 0, 0, 0, 0, 0, 0, 0, 0, 0, 0, 0, 0, 0, 0, 0, 0, 0, 0, 0, 0, 0, 0, 0, 0, 0, 0, 0, 0, 0, 0, 0, 0, 0, 0, 0, 0, 0, 0, 0, 0, 0, 0, 0, 0, 0, 0, 0, 0, 0, 0, 0, 0, 0, 0, 0, 0, 0, 0, 0, 0, 0, 0, 0, 0, 0, 0, 0, 0, 0, 0, 0, 0, 0, 0, 0, 0, 0, 0, 0, 0, 0, 0, 0, 0, 0, 0, 0, 0, 0, 0, 0, 0, 0, 0, 0, 0, 0, 0, 0, 0, 0, 0, 0, 0, 0, 0, 0, 0, 0, 0, 0, 0, 0, 0, 0, 0, 0, 0, 0, 0, 0, 0, 0, 0, 0, 0, 0, 0, 0, 0, 0, 0, 0, 0, 0, 0, 0, 0, 0, 0, 0, 0, 0, 0, 0, 0, 0, 0, 0, 0, 0, 0, 0, 0, 0, 0, 0, 0, 0, 0, 0, 0, 0, 0, 0, 0, 0, 0, 0, 0, 0, 0, 0, 0, 0, 0, 0, 0, 0, 0, 0, 0, 0, 0, 0, 0, 0, 0, 0, 0, 0, 0, 0, 0, 0, 0, 0, 0, 0, 0, 0, 0, 0, 0, 0, 0, 0, 0, 0, 0, 0, 0, 0, 0, 0, 0, 0, 0, 0, 0, 0, 0, 0, 0, 0, 0, 0, 0, 0, 0, 0, 0, 0, 0, 0, 0, 0, 0, 0, 0, 0, 0, 0, 0, 0, 0, 0, 0, 0, 0, 0, 0, 0, 0, 0, 0, 0, 0, 0, 0, 0, 0, 0, 0, 0, 0, 0, 0, 0, 0, 0, 0, 0, 0, 0, 0, 0, 0, 0, 0, 0, 0, 0, 0, 0, 0, 0, 0, 0, 0, 0, 0, 0, 0, 0, 0, 0, 0, 0, 0, 0, 0, 0, 0, 0, 0, 0, 0, 0, 0, 0, 0, 0, 0, 0, 0, 0, 0, 0, 0, 0, 0, 0, 0, 0, 0, 0, 0, 0, 0, 0, 0, 0, 0, 0, 0, 0, 0, 0, 0, 0, 0, 0, 0, 0, 0, 0, 0, 0, 0, 0, 0, 0, 0, 0, 0, 0, 0, 0, 0, 0, 0, 0, 0, 0, 0, 0, 0, 0, 0, 0, 0, 0, 0, 0, 0, 0, 0, 0, 0, 0, 0, 0, 0, 0, 0, 0]
time_c = [672.4375, 355.90625, 343.265625, 255.65625, 711.359375, 25.15625, 28.28125, 151.265625, 9.421875, 9.46875, 2.15625, 0.5625, 0.015625, 0.0, 0.0, 0.0, 0.015625, 0.0, 0.015625, 0.0, 0.0, 0.0, 0.0, 0.0, 0.0, 0.0, 0.015625, 0.0, 0.0, 0.0, 0.0, 0.0, 0.0, 0.0, 0.0, 0.0, 0.0, 0.015625, 0.0, 0.0, 0.0, 0.015625, 0.0, 0.0, 0.015625, 0.0, 0.0, 0.0, 0.015625, 0.0, 0.0, 0.0, 0.0, 0.0, 0.0, 0.0, 0.0, 0.015625, 0.0, 0.0, 0.0, 0.015625, 0.0, 0.0, 0.015625, 0.0, 0.0, 0.0, 0.0, 0.0, 0.0, 0.0, 0.0, 0.0, 0.0, 0.015625, 0.0, 0.0, 0.0, 0.0, 0.015625, 0.0, 0.0, 0.0, 0.0, 0.0, 0.0, 0.0, 0.0, 0.0, 0.015625, 0.0, 0.0, 0.0, 0.0, 0.0, 0.0, 0.0, 0.0, 0.0, 0.0, 0.0, 0.0, 0.0, 0.0, 0.0, 0.0, 0.0, 0.0, 0.0, 0.0, 0.0, 0.0, 0.0, 0.0, 0.0, 0.015625, 0.0, 0.0, 0.0, 0.0, 0.015625, 0.0, 0.0, 0.015625, 0.0, 0.0, 0.015625, 0.0, 0.0, 0.015625, 0.0, 0.0, 0.0, 0.015625, 0.0, 0.0, 0.0, 0.0, 0.015625, 0.0, 0.0, 0.015625, 0.0, 0.0, 0.015625, 0.0, 0.0, 0.0, 0.0, 0.0, 0.0, 0.0, 0.0, 0.0, 0.015625, 0.0, 0.0, 0.015625, 0.0, 0.0, 0.015625, 0.0, 0.0, 0.015625, 0.0, 0.0, 0.0, 0.0, 0.0, 0.0, 0.015625, 0.0, 0.0, 0.0, 0.0, 0.0, 0.0, 0.0, 0.015625, 0.0, 0.0, 0.015625, 0.0, 0.0, 0.0, 0.015625, 0.0, 0.0, 0.015625, 0.0, 0.0, 0.0, 0.0, 0.0, 0.0, 0.0, 0.015625, 0.0, 0.0, 0.015625, 0.0, 0.0, 0.0, 0.015625, 0.0, 0.0, 0.015625, 0.0, 0.0, 0.0, 0.0, 0.015625, 0.0, 0.0, 0.015625, 0.0, 0.0, 0.0, 0.0, 0.0, 0.0, 0.0, 0.0, 0.0, 0.0, 0.015625, 0.0, 0.0, 0.0, 0.0, 0.015625, 0.0, 0.0, 0.0, 0.0, 0.0, 0.0, 0.0, 0.0, 0.0, 0.0, 0.0, 0.0, 0.0, 0.0, 0.0, 0.015625, 0.0, 0.0, 0.0, 0.0, 0.0, 0.015625, 0.0, 0.0, 0.0, 0.0, 0.0, 0.0, 0.015625, 0.0, 0.0, 0.0, 0.0, 0.0, 0.015625, 0.0, 0.0, 0.0, 0.0, 0.0, 0.0, 0.0, 0.0, 0.015625, 0.0, 0.0, 0.0, 0.0, 0.0, 0.015625, 0.0, 0.0, 0.0, 0.0, 0.0, 0.0, 0.015625, 0.0, 0.015625, 0.0, 0.015625, 0.0, 0.0, 0.0, 0.0, 0.0, 0.0, 0.0, 0.0, 0.0, 0.0, 0.0, 0.015625, 0.0, 0.0, 0.0, 0.0, 0.0, 0.0, 0.0, 0.015625, 0.0, 0.0, 0.0, 0.0, 0.0, 0.0, 0.0, 0.0, 0.015625, 0.0, 0.0, 0.0, 0.0, 0.0, 0.0, 0.0, 0.0, 0.0, 0.015625, 0.0, 0.015625, 0.0, 0.0, 0.0, 0.0, 0.0, 0.0, 0.0, 0.0, 0.0, 0.015625, 0.0, 0.015625, 0.0, 0.015625, 0.0, 0.0, 0.0, 0.0, 0.0, 0.0, 0.0, 0.0, 0.0, 0.0, 0.0, 0.0, 0.0, 0.0, 0.0, 0.0, 0.0, 0.0, 0.0, 0.0, 0.0, 0.0, 0.0, 0.0, 0.0, 0.0, 0.0, 0.0, 0.0, 0.0, 0.0, 0.0, 0.0, 0.0, 0.0, 0.0, 0.0, 0.0, 0.015625, 0.0, 0.0, 0.0, 0.0, 0.0, 0.0, 0.0, 0.0, 0.015625, 0.0, 0.015625, 0.0, 0.015625, 0.0, 0.0, 0.0, 0.0, 0.0, 0.0, 0.0, 0.0, 0.0, 0.0, 0.0, 0.0, 0.0, 0.0, 0.0, 0.0, 0.015625, 0.0, 0.015625, 0.0, 0.015625, 0.0, 0.0, 0.0, 0.0, 0.015625, 0.0, 0.0, 0.015625, 0.0, 0.0, 0.0, 0.0, 0.0, 0.0, 0.0, 0.0, 0.0, 0.015625, 0.0, 0.015625, 0.0, 0.015625, 0.0, 0.015625, 0.0, 0.015625, 0.03125, 0.0, 0.0, 0.0, 0.0, 0.0, 0.015625, 0.0, 0.015625, 0.0, 0.0, 0.0, 0.0, 0.0, 0.0, 0.0, 0.0, 0.0, 0.0, 0.0, 0.015625, 0.0, 0.0, 0.0, 0.0, 0.0, 0.0, 0.0, 0.0, 0.0, 0.015625, 0.0, 0.0, 0.0, 0.0, 0.0, 0.0, 0.0, 0.015625, 0.0, 0.0, 0.0, 0.0, 0.015625, 0.0, 0.015625, 0.0, 0.0, 0.0, 0.0, 0.0, 0.015625, 0.0]
time_d = [637.46875, 434.203125, 93.0, 414.828125, 830.859375, 8.078125, 40.203125, 133.828125, 16.421875, 6.15625, 0.109375, 0.0, 0.0, 0.0, 0.0, 0.0, 0.0, 0.0, 0.0, 0.0, 0.0, 0.015625, 0.0, 0.0, 0.0, 0.0, 0.015625, 0.0, 0.0, 0.015625, 0.0, 0.0, 0.0, 0.015625, 0.0, 0.0, 0.0, 0.0, 0.015625, 0.0, 0.0, 0.0, 0.0, 0.015625, 0.0, 0.0, 0.0, 0.0, 0.0, 0.015625, 0.0, 0.0, 0.015625, 0.0, 0.0, 0.0, 0.0, 0.0, 0.0, 0.0, 0.015625, 0.0, 0.015625, 0.0, 0.0, 0.0, 0.015625, 0.0, 0.0, 0.0, 0.0, 0.015625, 0.0, 0.0, 0.0, 0.0, 0.0, 0.0, 0.0, 0.015625, 0.0, 0.0, 0.0, 0.0, 0.0, 0.015625, 0.0, 0.0, 0.0, 0.0, 0.015625, 0.0, 0.0, 0.0, 0.0, 0.015625, 0.015625, 0.0, 0.0, 0.0, 0.0, 0.015625, 0.0, 0.0, 0.0, 0.0, 0.015625, 0.0, 0.0, 0.0, 0.0, 0.0, 0.0, 0.0, 0.015625, 0.0, 0.0, 0.0, 0.0, 0.0, 0.0, 0.015625, 0.0, 0.015625, 0.0, 0.0, 0.0, 0.0, 0.0, 0.0, 0.0, 0.0, 0.0, 0.015625, 0.0, 0.0, 0.0, 0.0, 0.0, 0.0, 0.0, 0.0, 0.0, 0.0, 0.0, 0.0, 0.0, 0.0, 0.0, 0.0, 0.015625, 0.0, 0.0, 0.0, 0.0, 0.0, 0.0, 0.0, 0.0, 0.0, 0.015625, 0.0, 0.0, 0.0, 0.0, 0.0, 0.0, 0.0, 0.0, 0.0, 0.0, 0.0, 0.0, 0.0, 0.015625, 0.0, 0.015625, 0.0, 0.015625, 0.0, 0.015625, 0.0, 0.0, 0.0, 0.0, 0.0, 0.0, 0.0, 0.0, 0.0, 0.0, 0.0, 0.0, 0.0, 0.0, 0.0, 0.015625, 0.0, 0.0, 0.0, 0.0, 0.0, 0.0, 0.0, 0.0, 0.0, 0.0, 0.0, 0.0, 0.0, 0.0, 0.0, 0.0, 0.0, 0.0, 0.0, 0.0, 0.0, 0.0, 0.0, 0.0, 0.0, 0.0, 0.0, 0.0, 0.0, 0.0, 0.0, 0.0, 0.0, 0.0, 0.0, 0.0, 0.0, 0.0, 0.015625, 0.0, 0.0, 0.0, 0.0, 0.0, 0.015625, 0.0, 0.0, 0.0, 0.015625, 0.0, 0.0, 0.0, 0.0, 0.0, 0.0, 0.0, 0.0, 0.0, 0.0, 0.0, 0.0, 0.0, 0.0, 0.015625, 0.0, 0.015625, 0.0, 0.015625, 0.0, 0.015625, 0.0, 0.015625, 0.0, 0.0, 0.0, 0.0, 0.0, 0.0, 0.0, 0.0, 0.0, 0.0, 0.0, 0.0, 0.0, 0.015625, 0.0, 0.015625, 0.0, 0.0, 0.0, 0.0, 0.0, 0.0, 0.0, 0.0, 0.0, 0.015625, 0.0, 0.015625, 0.0, 0.0, 0.0, 0.0, 0.0, 0.0, 0.0, 0.0, 0.0, 0.015625, 0.0, 0.0, 0.0, 0.0, 0.0, 0.0, 0.0, 0.015625, 0.0, 0.015625, 0.0, 0.0, 0.0, 0.0, 0.0, 0.0, 0.0, 0.0, 0.0, 0.0, 0.015625, 0.0, 0.0, 0.015625, 0.0, 0.0, 0.0, 0.0, 0.0, 0.0, 0.0, 0.015625, 0.0, 0.0, 0.0, 0.015625, 0.0, 0.0, 0.0, 0.0, 0.0, 0.0, 0.015625, 0.0, 0.0, 0.0, 0.0, 0.0, 0.0, 0.0, 0.0, 0.015625, 0.0, 0.0, 0.0, 0.0, 0.015625, 0.0, 0.0, 0.0, 0.0, 0.0, 0.015625, 0.0, 0.0, 0.0, 0.0, 0.015625, 0.0, 0.0, 0.0, 0.015625, 0.0, 0.0, 0.0, 0.0, 0.015625, 0.0, 0.0, 0.0, 0.015625, 0.0, 0.0, 0.015625, 0.0, 0.0, 0.0, 0.0, 0.015625, 0.0, 0.0, 0.0, 0.015625, 0.0, 0.0, 0.015625, 0.0, 0.0, 0.0, 0.0, 0.0, 0.0, 0.0, 0.0, 0.0, 0.0, 0.015625, 0.0, 0.0, 0.0, 0.015625, 0.0, 0.0, 0.0, 0.0, 0.0, 0.0, 0.015625, 0.0, 0.0, 0.0, 0.0, 0.0, 0.0, 0.0, 0.015625, 0.0, 0.0, 0.0, 0.015625, 0.015625, 0.0, 0.0, 0.0, 0.0, 0.0, 0.0, 0.0, 0.0, 0.0, 0.0, 0.0, 0.0, 0.0, 0.0, 0.0, 0.015625, 0.0, 0.0, 0.0, 0.0, 0.0, 0.0, 0.0, 0.0, 0.0, 0.015625, 0.0, 0.0, 0.0, 0.0, 0.0, 0.015625, 0.0, 0.0, 0.0, 0.0, 0.0, 0.0, 0.0, 0.015625, 0.0, 0.0, 0.0, 0.0, 0.0, 0.015625, 0.0, 0.0, 0.0, 0.0, 0.0, 0.015625, 0.0, 0.0, 0.0, 0.0, 0.0, 0.0, 0.0, 0.0, 0.0, 0.0]
[0.0, 0.0, 0.0, 0.0, 0.0, 0.0, 0.0, 0.0, 0.0, 0.0, 0.0, 0.0, 0.0, 0.015583038330078125, 0.0, 0.0, 0.0, 0.0, 0.0, 0.0, 0.0, 0.0, 0.0, 0.0, 0.0, 0.015607118606567383, 0.0, 0.0, 0.0, 0.0, 0.0, 0.0, 0.0, 0.0, 0.0, 0.0, 0.0, 0.0, 0.0, 0.0, 0.015620946884155273, 0.0, 0.0, 0.0, 0.0, 0.0, 0.0, 0.0, 0.0, 0.0, 0.0, 0.0, 0.0, 0.0, 0.015621423721313477, 0.0, 0.0, 0.0, 0.0, 0.0, 0.0, 0.0, 0.0, 0.0, 0.0, 0.0, 0.0, 0.0, 0.0, 0.0, 0.0, 0.0, 0.0, 0.015620946884155273, 0.0, 0.0, 0.0, 0.0, 0.0, 0.0, 0.006510496139526367, 0.0, 0.0, 0.0, 0.0, 0.0, 0.0, 0.0, 0.0, 0.0, 0.0, 0.0, 0.0, 0.0, 0.0, 0.0, 0.0, 0.0, 0.0, 0.0, 0.0, 0.0, 0.0, 0.015633583068847656, 0.0, 0.0, 0.0, 0.0, 0.0, 0.0, 0.0, 0.0, 0.0, 0.0, 0.0, 0.0, 0.0, 0.0, 0.0, 0.015617609024047852, 0.0, 0.0, 0.0, 0.0, 0.006001949310302734, 0.0010001659393310547, 0.0010123252868652344, 0.000978231430053711, 0.0, 0.0012879371643066406, 0.0, 0.0, 0.0, 0.0, 0.0, 0.0, 0.0, 0.0064067840576171875, 0.0009980201721191406, 0.000997781753540039, 0.001678466796875, 0.0, 0.0, 0.0, 0.0, 0.0, 0.0, 0.0, 0.0, 0.0, 0.0, 0.0, 0.011349678039550781, 0.0009968280792236328, 0.0009980201721191406, 0.0009999275207519531, 0.002003192901611328, 0.0009882450103759766, 0.002004861831665039, 0.0011372566223144531, 0.0, 0.0, 0.0, 0.0, 0.0, 0.0, 0.0, 0.0, 0.0, 0.0, 0.0, 0.008925437927246094, 0.0009970664978027344, 0.0009975433349609375, 0.0016484260559082031, 0.0, 0.0, 0.0, 0.0, 0.0, 0.0, 0.0, 0.0, 0.0, 0.0, 0.0, 0.0, 0.0, 0.0, 0.01633429527282715, 0.00010132789611816406, 0.0, 0.0, 0.0, 0.0, 0.0, 0.0, 0.0, 0.0, 0.0, 0.0, 0.0, 0.0, 0.0, 0.0, 0.015622377395629883, 0.0, 0.0, 0.0, 0.0, 0.0, 0.0, 0.0, 0.0, 0.0, 0.0, 0.0, 0.0, 0.0, 0.0, 0.0, 0.015620231628417969, 0.0, 0.0, 0.0, 0.0, 0.0, 0.0, 0.0, 0.0, 0.0, 0.0, 0.0, 0.0, 0.0, 0.0, 0.015623092651367188, 0.0, 0.0, 0.0, 0.0, 0.0, 0.0, 0.0, 0.0, 0.0, 0.0, 0.0, 0.0, 0.0, 0.015620708465576172, 0.0, 0.0, 0.0, 0.0, 0.0, 0.0, 0.0, 0.0, 0.0, 0.0, 0.0, 0.0, 0.0, 0.0, 0.0, 0.01562047004699707, 0.0, 0.0, 0.0, 0.0, 0.0, 0.0, 0.0, 0.0, 0.0, 0.0, 0.0, 0.0, 0.0, 0.015621185302734375, 0.0, 0.0, 0.0, 0.0, 0.0055086612701416016, 0.0, 0.0, 0.0, 0.0, 0.0, 0.0, 0.0, 0.0, 0.0, 0.0, 0.0, 0.0, 0.0, 0.0, 0.0, 0.014737606048583984, 0.00099945068359375, 0.0009980201721191406, 0.001544952392578125, 0.0, 0.003998279571533203, 0.0023353099822998047, 0.0, 0.0, 0.0, 0.0, 0.0, 0.0, 0.0, 0.0, 0.0, 0.0, 0.0, 0.0, 0.0, 0.0, 0.012595176696777344, 0.0, 0.0019953250885009766, 0.0016062259674072266, 0.0, 0.0, 0.0, 0.0062885284423828125, 0.0010051727294921875, 0.0, 0.0020456314086914062, 0.0, 0.0, 0.0, 0.0, 0.0, 0.0, 0.0, 0.0, 0.0, 0.0, 0.0, 0.0, 0.0, 0.0, 0.0, 0.015690326690673828, 0.0, 0.0, 0.0, 0.0, 0.0, 0.0, 0.0, 0.0, 0.0, 0.0, 0.0, 0.0, 0.0, 0.0, 0.0, 0.0, 0.0, 0.01555323600769043, 0.0, 0.0, 0.0, 0.0, 0.0, 0.0, 0.0, 0.0, 0.0, 0.0, 0.0, 0.0, 0.0, 0.0, 0.015621185302734375, 0.0, 0.0, 0.003008604049682617, 0.0, 0.0, 0.0, 0.0, 0.0, 0.0, 0.0, 0.0, 0.0, 0.0, 0.0, 0.0, 0.0, 0.0, 0.0, 0.0, 0.0, 0.01562786102294922, 0.0, 0.0, 0.0, 0.0, 0.0, 0.0, 0.0, 0.0, 0.0, 0.0, 0.0, 0.0, 0.0, 0.0, 0.01562047004699707, 0.0, 0.0, 0.0, 0.0, 0.0, 0.0, 0.0, 0.0, 0.0, 0.0, 0.0, 0.0, 0.0, 0.015621185302734375, 0.0, 0.0, 0.0, 0.0, 0.0, 0.0, 0.0, 0.0, 0.0, 0.0, 0.0, 0.0, 0.0, 0.0, 0.015621423721313477, 0.0, 0.0, 0.0, 0.0, 0.0, 0.0, 0.0, 0.0, 0.0, 0.0, 0.0, 0.0, 0.0, 0.0, 0.0, 0.015621185302734375, 0.0, 0.0, 0.0, 0.0, 0.0, 0.0, 0.0, 0.0, 0.0, 0.0, 0.0, 0.0, 0.0, 0.0, 0.015640735626220703, 0.0, 0.0, 0.0, 0.0, 0.0, 0.006553173065185547, 0.0, 0.0, 0.0, 0.0, 0.0, 0.0, 0.0, 0.0, 0.0, 0.0, 0.0, 0.0, 0.0, 0.0, 0.0, 0.0]
[0, 0.015684, 0.0, 0.015684, 0.0, 0.015684, 0.0, 0.015684, 0.0, 0.015684, 0.0, 0.015684, 0.0, 0.015684, 0.0, 0.015684, 0.0, 0.015684, 0.0, 0.015684, 0.0, 0.015684, 0.0, 0.015684, 0.0, 0.015684, 0.0, 0.015684, 0.0, 0.015684, 0.0, 0.015684, 0.0, 0.015684, 0.0, 0.015684, 0.0, 0.015684, 0.0, 0.015684, 0.0, 0.015684, 0.0, 0.015684, 0.0, 0.015684, 0.0, 0.015684, 0.0, 0.031291, 0.0, 0.031291, 0.0, 0.031291, 0.0, 0.031291, 0.0, 0.031291, 0.0, 0.031291, 0.0, 0.031291, 0.0, 0.031291, 0.0, 0.031291, 0.0, 0.031291, 0.0, 0.031291, 0.0, 0.031291, 0.0, 0.031291, 0.0, 0.031291, 0.0, 0.031291, 0.0, 0.031291, 0.0, 0.031291, 0.0, 0.031291, 0.0, 0.031291, 0.0, 0.031291, 0.0, 0.031291, 0.0, 0.031291, 0.0, 0.031291, 0.0, 0.031291, 0.0, 0.031291, 0.0, 0.031291, 0.0, 0.031291, 0.0, 0.031291, 0.0, 0.046923, 0.0, 0.046923, 0.0, 0.046923, 0.0, 0.046923, 0.0, 0.046923, 0.0, 0.046923, 0.0, 0.046923, 0.0, 0.046923, 0.0, 0.046923, 0.0, 0.046923, 0.0, 0.046923, 0.0, 0.046923, 0.0, 0.046923, 0.0, 0.046923, 0.0, 0.046923, 0.0, 0.046923, 0.0, 0.046923, 0.0, 0.046923, 0.0, 0.046923, 0.0, 0.046923, 0.0, 0.046923, 0.0, 0.046923, 0.0, 0.046923, 0.0, 0.046923, 0.0, 0.046923, 0.0, 0.046923, 0.0, 0.046923, 0.0, 0.046923, 0.0, 0.046923, 0.0, 0.046923, 0.0, 0.046923, 0.0, 0.046923, 0.0, 0.062538, 0.0, 0.062538, 0.0, 0.062538, 0.0, 0.062538, 0.0, 0.062538, 0.0, 0.062538, 0.0, 0.062538, 0.0, 0.062538, 0.0, 0.062538, 0.0, 0.062538, 0.0, 0.062538, 0.0, 0.062538, 0.0, 0.062538, 0.0, 0.062538, 0.0, 0.062538, 0.0, 0.062538, 0.0, 0.062538, 0.0, 0.062538, 0.0, 0.062538, 0.0, 0.062538, 0.0, 0.062538, 0.0, 0.062538, 0.0, 0.062538, 0.0, 0.062538, 0.0, 0.062538, 0.0, 0.062538, 0.0, 0.062538, 0.0, 0.062538, 0.0, 0.07815799999999999, 0.0, 0.07815799999999999, 0.0, 0.07815799999999999, 0.0, 0.07815799999999999, 0.0, 0.07815799999999999, 0.0, 0.07815799999999999, 0.0, 0.07815799999999999, 0.0, 0.07815799999999999, 0.0, 0.07815799999999999, 0.0, 0.07815799999999999, 0.0, 0.07815799999999999, 0.0, 0.07815799999999999, 0.0, 0.07815799999999999, 0.0, 0.07815799999999999, 0.0, 0.07815799999999999, 0.0, 0.07815799999999999, 0.0, 0.07815799999999999, 0.0, 0.07815799999999999, 0.0, 0.07815799999999999, 0.0, 0.07815799999999999, 0.0, 0.07815799999999999, 0.0, 0.07815799999999999, 0.0, 0.07815799999999999, 0.0, 0.07815799999999999, 0.0, 0.07815799999999999, 0.0, 0.07815799999999999, 0.0, 0.07815799999999999, 0.0, 0.07815799999999999, 0.0, 0.09380799999999999, 0.0, 0.09380799999999999, 0.0, 0.09380799999999999, 0.0, 0.09380799999999999, 0.0, 0.09380799999999999, 0.0, 0.09380799999999999, 0.0, 0.09380799999999999, 0.0, 0.09380799999999999, 0.0, 0.09380799999999999, 0.0, 0.09380799999999999, 0.0, 0.09380799999999999, 0.0, 0.09380799999999999, 0.0, 0.10036999999999999, 0.0, 0.10036999999999999, 0.0, 0.10036999999999999, 0.0, 0.10036999999999999, 0.0, 0.10036999999999999, 0.0, 0.10036999999999999, 0.0, 0.10036999999999999, 0.0, 0.10036999999999999, 0.0, 0.10036999999999999, 0.0, 0.10036999999999999, 0.0, 0.10036999999999999, 0.0, 0.10036999999999999, 0.0, 0.10036999999999999, 0.0, 0.10036999999999999, 0.0, 0.10036999999999999, 0.0, 0.10036999999999999, 0.0, 0.10036999999999999, 0.0, 0.10036999999999999, 0.0, 0.10036999999999999, 0.0, 0.10036999999999999, 0.0, 0.10036999999999999, 0.0, 0.10036999999999999, 0.0, 0.10036999999999999, 0.0, 0.10036999999999999, 0.0, 0.10036999999999999, 0.0, 0.10036999999999999, 0.0, 0.10036999999999999, 0.0, 0.10036999999999999, 0.0, 0.11603299999999998, 0.0, 0.11603299999999998, 0.0, 0.11603299999999998, 0.0, 0.11603299999999998, 0.0, 0.11603299999999998, 0.0, 0.11603299999999998, 0.0, 0.11603299999999998, 0.0, 0.11603299999999998, 0.0, 0.11603299999999998, 0.0, 0.11603299999999998, 0.0, 0.11603299999999998, 0.0, 0.11603299999999998, 0.0, 0.11603299999999998, 0.0, 0.11603299999999998, 0.0, 0.11603299999999998, 0.0, 0.11603299999999998, 0.0, 0.11603299999999998, 0.0, 0.11603299999999998, 0.0, 0.11603299999999998, 0.0, 0.11603299999999998, 0.0, 0.11603299999999998, 0.0, 0.11603299999999998, 0.0, 0.11603299999999998, 0.0, 0.11603299999999998, 0.0, 0.11603299999999998, 0.0, 0.11603299999999998, 0.0, 0.11603299999999998, 0.0, 0.11603299999999998, 0.0, 0.131655, 0.0, 0.131655, 0.0, 0.131655, 0.0, 0.131655, 0.0, 0.131655, 0.0, 0.131655, 0.0, 0.131655, 0.0, 0.131655, 0.0, 0.131655, 0.0, 0.131655, 0.0, 0.131655, 0.0, 0.131655, 0.0, 0.131655, 0.0, 0.131655, 0.0, 0.131655, 0.0, 0.131655, 0.0, 0.131655, 0.0, 0.131655, 0.0, 0.131655, 0.0, 0.131655, 0.0, 0.131655, 0.0, 0.131655, 0.0, 0.131655, 0.0, 0.131655, 0.0, 0.131655, 0.0, 0.131655, 0.0, 0.131655, 0.0, 0.131655, 0.0, 0.147277, 0.0, 0.147277, 0.0, 0.147277, 0.0, 0.147277, 0.0, 0.147277, 0.0, 0.147277, 0.0, 0.147277, 0.0, 0.147277, 0.0, 0.147277, 0.0, 0.147277, 0.0, 0.147277, 0.0, 0.147277, 0.0, 0.147277, 0.0, 0.147277, 0.0]
Iterates
it_u = [4482, 620, 1233, 788, 537, 302, 332, 467, 176, 251, 227, 181, 269, 212, 105, 124, 76, 243, 186, 79, 103, 99, 210, 151, 286, 183, 213, 151, 102, 149, 150, 186, 184, 123, 123, 152, 149, 184, 103, 104, 131, 242, 150, 154, 156, 103, 129, 185, 155, 76, 156, 130, 149, 156, 107, 104, 157, 134, 210, 103, 104, 125, 173, 124, 198, 148, 104, 131, 156, 213, 161, 125, 170, 77, 170, 78, 238, 157, 76, 153, 100, 160, 157, 103, 153, 105, 104, 235, 105, 104, 160, 105, 123, 100, 152, 76, 157, 125, 211, 104, 211, 126, 104, 76, 177, 152, 102, 123, 161, 103, 185, 159, 127, 159, 170, 99, 155, 76, 107, 103, 106, 169, 156, 156, 155, 104, 104, 123, 292, 154, 152, 159, 100, 156, 212, 341, 104, 151, 150, 102, 102, 108, 180, 150, 104, 152, 76, 209, 108, 106, 147, 185, 101, 133, 156, 156, 196, 108, 150, 151, 200, 198, 105, 100, 158, 124, 174, 126, 105, 125, 106, 210, 78, 201, 237, 149, 151, 103, 77, 105, 150, 125, 100, 123, 226, 156, 76, 158, 196, 105, 100, 105, 125, 102, 104, 157, 131, 106, 176, 289, 125, 199, 105, 187, 240, 78, 123, 75, 159, 241, 187, 79, 156, 153, 103, 147, 105, 133, 229, 211, 100, 106, 199, 100, 99, 383, 201, 205, 124, 124, 211, 78, 104, 153, 104, 124, 102, 133, 147, 78, 249, 184, 105, 158, 169, 104, 104, 131, 105, 202, 171, 124, 77, 76, 76, 158, 185, 123, 76, 151, 147, 267, 159, 203, 209, 75, 132, 102, 149, 196, 123, 172, 184, 158, 101, 101, 158, 105, 104, 203, 208, 125, 156, 149, 151, 154, 106, 148, 105, 158, 157, 103, 157, 123, 155, 151, 150, 105, 152, 195, 131, 183, 158, 76, 132, 150, 199, 126, 151, 76, 103, 184, 186, 77, 155, 100, 133, 129, 104, 200, 104, 197, 101, 208, 132, 107, 101, 105, 176, 132, 103, 102, 197, 154, 300, 215, 76, 159, 149, 163, 103, 239, 216, 199, 104, 210, 109, 152, 129, 123, 105, 76, 130, 231, 124, 125, 105, 159, 210, 74, 124, 107, 76, 77, 107, 204, 105, 76, 155, 196, 170, 103, 131, 209, 102, 126, 158, 223, 154, 108, 183, 76, 129, 158, 150, 156, 105, 109, 78, 151, 157, 76, 76, 76, 157, 157, 129, 100, 104, 151, 106, 161, 202, 108, 103, 152, 162, 74, 77, 105, 153, 155, 148, 170, 101, 196, 151, 105, 151, 217, 106, 156, 197, 124, 125, 104, 74, 106, 155, 125, 104, 150, 104, 151, 102, 201, 152, 101, 77, 104, 124, 175, 157, 101, 103, 76, 157, 213, 160, 134, 104, 148, 268, 209, 104, 185, 103, 197, 78, 77, 122, 77, 104, 150, 78, 153, 157, 124, 207, 207, 150, 76, 152, 134, 157, 148, 105, 105, 121, 76, 148, 132, 124, 149, 170, 149, 124, 187, 105, 106, 105, 156, 105, 158, 240, 105, 106, 131, 147, 130]
it_a = [4482, 1546, 1148, 665, 764, 224, 345, 381, 114, 281, 8, 0, 1, 0, 0, 0, 0, 0, 0, 0, 0, 0, 0, 0, 0, 0, 0, 0, 0, 0, 0, 0, 0, 0, 0, 0, 0, 0, 0, 0, 0, 0, 0, 0, 0, 0, 0, 0, 0, 0, 0, 0, 0, 0, 0, 0, 0, 0, 0, 0, 0, 0, 0, 0, 0, 0, 0, 0, 0, 0, 0, 0, 0, 0, 0, 0, 0, 0, 0, 0, 0, 0, 0, 0, 0, 0, 0, 0, 0, 0, 0, 0, 0, 0, 0, 0, 0, 0, 0, 0, 0, 0, 0, 0, 0, 0, 0, 0, 0, 0, 0, 0, 0, 0, 0, 0, 0, 0, 0, 0, 0, 0, 0, 0, 0, 0, 0, 0, 0, 0, 0, 0, 0, 0, 0, 0, 0, 0, 0, 0, 0, 0, 0, 0, 0, 0, 0, 0, 0, 0, 0, 0, 0, 0, 0, 0, 0, 0, 0, 0, 0, 0, 0, 0, 0, 0, 0, 0, 0, 0, 0, 0, 0, 0, 0, 0, 0, 0, 0, 0, 0, 0, 0, 0, 0, 0, 0, 0, 0, 0, 0, 0, 0, 0, 0, 0, 0, 0, 0, 0, 0, 0, 0, 0, 0, 0, 0, 0, 0, 0, 0, 0, 0, 0, 0, 0, 0, 0, 0, 0, 0, 0, 0, 0, 0, 0, 0, 0, 0, 0, 0, 0, 0, 0, 0, 0, 0, 0, 0, 0, 0, 0, 0, 0, 0, 0, 0, 0, 0, 0, 0, 0, 0, 0, 0, 0, 0, 0, 0, 0, 0, 0, 0, 0, 0, 0, 0, 0, 0, 0, 0, 0, 0, 0, 0, 0, 0, 0, 0, 0, 0, 0, 0, 0, 0, 0, 0, 0, 0, 0, 0, 0, 0, 0, 0, 0, 0, 0, 0, 0, 0, 0, 0, 0, 0, 0, 0, 0, 0, 0, 0, 0, 0, 0, 0, 0, 0, 0, 0, 0, 0, 0, 0, 0, 0, 0, 0, 0, 0, 0, 0, 0, 0, 0, 0, 0, 0, 0, 0, 0, 0, 0, 0, 0, 0, 0, 0, 0, 0, 0, 0, 0, 0, 0, 0, 0, 0, 0, 0, 0, 0, 0, 0, 0, 0, 0, 0, 0, 0, 0, 0, 0, 0, 0, 0, 0, 0, 0, 0, 0, 0, 0, 0, 0, 0, 0, 0, 0, 0, 0, 0, 0, 0, 0, 0, 0, 0, 0, 0, 0, 0, 0, 0, 0, 0, 0, 0, 0, 0, 0, 0, 0, 0, 0, 0, 0, 0, 0, 0, 0, 0, 0, 0, 0, 0, 0, 0, 0, 0, 0, 0, 0, 0, 0, 0, 0, 0, 0, 0, 0, 0, 0, 0, 0, 0, 0, 0, 0, 0, 0, 0, 0, 0, 0, 0, 0, 0, 0, 0, 0, 0, 0, 0, 0, 0, 0, 0, 0, 0, 0, 0, 0, 0, 0, 0, 0, 0, 0, 0, 0, 0, 0, 0, 0, 0, 0, 0, 0, 0, 0, 0, 0, 0, 0, 0, 0, 0, 0, 0, 0]
it_c = [820, 626, 587, 506, 983, 206, 217, 449, 123, 142, 62, 25, 4, 2, 2, 1, 1, 1, 1, 1, 1, 1, 1, 1, 1, 1, 1, 1, 1, 1, 1, 1, 1, 1, 1, 1, 1, 1, 1, 1, 1, 1, 1, 1, 1, 1, 1, 1, 1, 1, 1, 1, 1, 1, 1, 1, 1, 1, 1, 1, 1, 1, 1, 1, 1, 1, 1, 1, 1, 1, 1, 1, 1, 1, 1, 1, 1, 1, 1, 1, 1, 1, 1, 1, 1, 1, 1, 1, 1, 1, 1, 1, 1, 1, 1, 1, 1, 1, 1, 1, 1, 1, 1, 1, 1, 1, 1, 1, 1, 1, 1, 1, 1, 1, 1, 1, 1, 1, 1, 1, 1, 1, 1, 1, 1, 1, 1, 1, 1, 1, 1, 1, 1, 1, 1, 1, 1, 1, 1, 1, 1, 1, 1, 1, 1, 1, 1, 1, 1, 1, 1, 1, 1, 1, 1, 1, 1, 1, 1, 1, 1, 1, 1, 1, 1, 1, 1, 1, 1, 1, 1, 1, 1, 1, 1, 1, 1, 1, 1, 1, 1, 1, 1, 1, 1, 1, 1, 1, 1, 1, 1, 1, 1, 1, 1, 1, 1, 1, 1, 1, 1, 1, 1, 1, 1, 1, 1, 1, 1, 1, 1, 1, 1, 1, 1, 1, 1, 1, 1, 1, 1, 1, 1, 1, 1, 1, 1, 1, 1, 1, 1, 1, 1, 1, 1, 1, 1, 1, 1, 1, 1, 1, 1, 1, 1, 1, 1, 1, 1, 1, 1, 1, 1, 1, 1, 1, 1, 1, 1, 1, 1, 1, 1, 1, 1, 1, 1, 1, 1, 1, 1, 1, 1, 1, 1, 1, 1, 1, 1, 1, 1, 1, 1, 1, 1, 1, 1, 1, 1, 1, 1, 1, 1, 1, 1, 1, 1, 1, 1, 1, 1, 1, 1, 1, 1, 1, 1, 1, 1, 1, 1, 1, 1, 1, 1, 1, 1, 1, 1, 1, 1, 1, 1, 1, 1, 1, 1, 1, 1, 1, 1, 1, 1, 1, 1, 1, 1, 1, 1, 1, 1, 1, 1, 1, 1, 1, 1, 1, 1, 1, 1, 1, 1, 1, 1, 1, 1, 1, 1, 1, 1, 1, 1, 1, 1, 1, 1, 1, 1, 1, 1, 1, 1, 1, 1, 1, 1, 1, 1, 1, 1, 1, 1, 1, 1, 1, 1, 1, 1, 1, 1, 1, 1, 1, 1, 1, 1, 1, 1, 1, 1, 1, 1, 1, 1, 1, 1, 1, 1, 1, 1, 1, 1, 1, 1, 1, 1, 1, 1, 1, 1, 1, 1, 1, 1, 1, 1, 1, 1, 1, 1, 1, 1, 1, 1, 1, 1, 1, 1, 1, 1, 1, 1, 1, 1, 1, 1, 1, 1, 1, 1, 1, 1, 1, 1, 1, 1, 1, 1, 1, 1, 1, 1, 1, 1, 1, 1, 1, 1, 1, 1, 1, 1, 1, 1, 1, 1, 1, 1, 1, 1, 1, 1, 1, 1, 1, 1, 1, 1, 1, 1, 1, 1, 1, 1, 1, 1, 1, 1, 1]
it_d = [820, 772, 324, 615, 1018, 115, 262, 435, 146, 102, 8, 1, 2, 1, 1, 1, 1, 1, 1, 1, 1, 1, 1, 1, 1, 1, 1, 1, 1, 1, 1, 1, 1, 1, 1, 1, 1, 1, 1, 1, 1, 1, 1, 1, 1, 1, 1, 1, 1, 1, 1, 1, 1, 1, 1, 1, 1, 1, 1, 1, 1, 1, 1, 1, 1, 1, 1, 1, 1, 1, 1, 1, 1, 1, 1, 1, 1, 1, 1, 1, 1, 1, 1, 1, 1, 1, 1, 1, 1, 1, 1, 1, 1, 1, 1, 1, 1, 1, 1, 1, 1, 1, 1, 1, 1, 1, 1, 1, 1, 1, 1, 1, 1, 1, 1, 1, 1, 1, 1, 1, 1, 1, 1, 1, 1, 1, 1, 1, 1, 1, 1, 1, 1, 1, 1, 1, 1, 1, 1, 1, 1, 1, 1, 1, 1, 1, 1, 1, 1, 1, 1, 1, 1, 1, 1, 1, 1, 1, 1, 1, 1, 1, 1, 1, 1, 1, 1, 1, 1, 1, 1, 1, 1, 1, 1, 1, 1, 1, 1, 1, 1, 1, 1, 1, 1, 1, 1, 1, 1, 1, 1, 1, 1, 1, 1, 1, 1, 1, 1, 1, 1, 1, 1, 1, 1, 1, 1, 1, 1, 1, 1, 1, 1, 1, 1, 1, 1, 1, 1, 1, 1, 1, 1, 1, 1, 1, 1, 1, 1, 1, 1, 1, 1, 1, 1, 1, 1, 1, 1, 1, 1, 1, 1, 1, 1, 1, 1, 1, 1, 1, 1, 1, 1, 1, 1, 1, 1, 1, 1, 1, 1, 1, 1, 1, 1, 1, 1, 1, 1, 1, 1, 1, 1, 1, 1, 1, 1, 1, 1, 1, 1, 1, 1, 1, 1, 1, 1, 1, 1, 1, 1, 1, 1, 1, 1, 1, 1, 1, 1, 1, 1, 1, 1, 1, 1, 1, 1, 1, 1, 1, 1, 1, 1, 1, 1, 1, 1, 1, 1, 1, 1, 1, 1, 1, 1, 1, 1, 1, 1, 1, 1, 1, 1, 1, 1, 1, 1, 1, 1, 1, 1, 1, 1, 1, 1, 1, 1, 1, 1, 1, 1, 1, 1, 1, 1, 1, 1, 1, 1, 1, 1, 1, 1, 1, 1, 1, 1, 1, 1, 1, 1, 1, 1, 1, 1, 1, 1, 1, 1, 1, 1, 1, 1, 1, 1, 1, 1, 1, 1, 1, 1, 1, 1, 1, 1, 1, 1, 1, 1, 1, 1, 1, 1, 1, 1, 1, 1, 1, 1, 1, 1, 1, 1, 1, 1, 1, 1, 1, 1, 1, 1, 1, 1, 1, 1, 1, 1, 1, 1, 1, 1, 1, 1, 1, 1, 1, 1, 1, 1, 1, 1, 1, 1, 1, 1, 1, 1, 1, 1, 1, 1, 1, 1, 1, 1, 1, 1, 1, 1, 1, 1, 1, 1, 1, 1, 1, 1, 1, 1, 1, 1, 1, 1, 1, 1, 1, 1, 1, 1, 1, 1, 1, 1, 1, 1, 1, 1, 1, 1, 1, 1, 1, 1, 1, 1, 1, 1, 1, 1, 1]
Step regrets
reg_u = [100.03699999999998, 67.49500433345008, 27.03167238955939, 35.2779392442834, 15.947185594833599, 4.947302994434551, 3.5282871424245172, 1.5521255319245597, 1.5683063090747567, 1.6510588744787071, 0.21788392589843397, 0.07614464697152812, 0.021451883773380587, 0.032545139063842043, 0.2475070991247037, 2.6221376288049214e-06, 1.1741170169443649e-07, 1.2672826983362029e-06, 7.41056680908514e-07, 3.481965222817962e-07, 4.2361475038887875e-07, 1.204810075705609e-06, 1.5434882243425818e-06, 2.3320001218962716e-07, 3.0604411449530744e-07, 3.815961520103883e-07, 9.821049218317057e-07, 7.265718409144029e-07, 1.7920289963058167e-06, 7.598247293572058e-07, 6.51625413183865e-07, 7.513909849876654e-08, 1.4204673846052174e-06, 8.830780302560015e-07, 1.1883698221026862e-06, 4.026184967642621e-07, 9.429358556189982e-07, 3.068407181672228e-07, 3.9078207692000433e-07, 3.7943720769817446e-06, 6.2829630849137175e-06, 2.7629451437860553e-07, 1.35345970875278e-06, 2.8519636430246464e-07, 4.670980047194462e-07, 3.5452572433314344e-07, 9.27951191442844e-07, 1.32451935996869e-06, 3.172917217852955e-07, 1.071553185738594e-06, 2.6673679656141758e-06, 1.8031880983926385e-06, 1.976639765643995e-06, 1.2401332014633226e-06, 4.26692398036721e-06, 1.333695252014877e-06, 2.4469371737723122e-06, 1.9981836487659166e-06, 2.3221164724418486e-07, 6.58740020753612e-07, 8.73790634159377e-06, 1.3949170920568577e-06, 9.742059887685173e-07, 1.1841318041660998e-06, 1.6835741689646966e-07, 1.5959019208366954e-06, 5.033209617977263e-07, 2.775465418380918e-06, 9.357509043184109e-07, 1.0211187770892138e-06, 1.1880130728059157e-06, 1.233585663840131e-06, 6.72403047019543e-07, 1.150879853639708e-06, 8.521680001649656e-07, 6.397604863650486e-07, 8.339273847468576e-06, 2.1546384232351556e-07, 1.139866810717649e-06, 3.737978971685152e-06, 5.903197575207741e-07, 9.539396899072017e-07, 1.0040486984053132e-06, 8.009413932086318e-07, 3.5162081246653543e-06, 2.847540656603087e-06, 1.9634219654562912e-06, 3.7037786455584865e-06, 2.7579480388340016e-07, 2.0736212320571212e-06, 5.792089069700523e-06, 1.0441389974857884e-06, 4.5821063565654185e-06, 4.4073431126889773e-07, 1.0882836818382202e-06, 2.2175950675773493e-06, 9.508969526450528e-06, 6.936968190984771e-07, 5.607504931504081e-07, 1.2110766647310811e-06, 2.0242988227892056e-06, 1.1503714176797075e-06, 7.16440240466909e-07, 2.3604198986504343e-06, 1.0195721188210882e-05, 4.781505822393228e-07, 1.0168799633447634e-06, 2.471960783623217e-06, 3.8845143990329234e-07, 1.6645462608266826e-06, 3.8035685463455593e-06, 2.6630414140527137e-07, 1.4796942764405685e-06, 1.2684520811490074e-07, 1.5355769562575006e-06, 5.536367666536535e-07, 1.7946174466487719e-06, 1.250128008223328e-06, 6.826549736160814e-06, 1.4302615625183535e-06, 2.9287535028288403e-06, 2.212537310697371e-06, 2.4383300001318275e-07, 1.1138390050291491e-06, 3.0607667724780185e-06, 1.2916053719891352e-06, 9.200251724905684e-07, 2.683650620838307e-06, 1.2724170801448054e-06, 2.2070591398914985e-07, 9.912018015256763e-07, 1.1933629480154195e-06, 7.708414955232001e-07, 8.145385379521031e-07, 1.5786480673796177e-06, 7.856716592868906e-07, 5.108527716402023e-07, 3.1146388153047155e-06, 3.4498862078180537e-07, 9.803923717299767e-07, 5.293748444046287e-06, 6.1720137978227285e-06, 7.779241570915474e-07, 3.0982150462932623e-06, 6.516362702768674e-07, 6.045813165656e-07, 2.0913141440814798e-06, 3.4100463892627886e-06, 3.4502122048252204e-07, 8.15683449673088e-07, 3.645747369773744e-06, 3.378339073378811e-06, 1.2051901876475313e-06, 2.8191205672101205e-06, 4.841196812321868e-07, 1.952268377181099e-06, 4.167296197010728e-07, 2.2339412453220575e-07, 8.981344592484675e-07, 2.6575600884370942e-06, 4.827499537896074e-07, 1.1311152547932579e-07, 6.127332312644285e-07, 6.273297145753531e-06, 2.1460400034811755e-07, 1.3550419168950611e-06, 2.3378694891107443e-07, 8.845461252349196e-07, 2.3285770112124737e-07, 2.54660258747208e-06, 4.359656600172457e-07, 3.0151423118240928e-06, 5.757668759542867e-07, 8.919468911017248e-06, 7.355032494160696e-07, 1.1167411457790877e-06, 1.0647653425621684e-06, 5.454612335142883e-07, 2.2147813183437393e-06, 1.368740129237267e-06, 3.0709103384651826e-06, 4.511391864525649e-07, 1.8769669622997753e-06, 8.487302807225205e-07, 4.0999066186486743e-07, 7.853062697904534e-07, 5.266042819584982e-07, 1.2195966974104522e-06, 9.047347475643619e-07, 6.543661186242389e-07, 8.703306946244993e-07, 2.053811073210454e-06, 1.5005574311999226e-06, 1.1682894864861737e-06, 6.6174911523830815e-06, 1.1923555689463683e-06, 1.2575582388762996e-06, 8.805625100194447e-07, 8.78918854141375e-07, 1.2341839124019316e-06, 3.7930729490653903e-07, 2.2467293092631735e-07, 6.412207653738733e-07, 8.596807674621232e-07, 2.957262950076256e-07, 6.443667643907247e-07, 5.138018934758293e-07, 1.0919073929471779e-06, 3.4946002358537953e-06, 8.835284006636357e-07, 1.0771950655907858e-06, 8.675158937876404e-07, 2.4441370953809383e-06, 6.766639444322209e-07, 1.3261152673749166e-06, 5.232585181147442e-06, 7.200161178388953e-07, 3.28881560562877e-06, 2.0568098193507467e-06, 3.2164513186216936e-07, 8.103751838461903e-07, 1.2518714243014983e-07, 1.0835630064320867e-06, 5.115058172577847e-07, 6.329593418286095e-07, 3.7749799730590894e-07, 9.291297544677946e-07, 1.3548878996516578e-07, 1.1664771193409251e-06, 2.0370225684018806e-07, 9.790762192096736e-07, 1.605865776355131e-06, 1.4075246781430906e-06, 6.981810827255686e-07, 4.280389305222343e-07, 4.524595595967185e-06, 5.502177486960136e-07, 2.678137150269322e-06, 7.842180593797821e-07, 1.0582313336726656e-06, 5.920394642089377e-06, 1.740267521199712e-07, 1.0310429274795752e-06, 1.1069990080159187e-06, 1.7981264477384684e-06, 1.1732261100405594e-06, 3.2893914010401204e-06, 4.330789209916475e-06, 1.0287680254350562e-06, 3.223837552468467e-07, 3.5985084423373337e-07, 6.99900198242176e-07, 1.9640328901004978e-06, 1.1911351066373754e-05, 3.8215204938296665e-06, 1.5579745706872927e-06, 1.397672747316392e-06, 1.438953319166103e-06, 2.0941283480624406e-06, 3.4450813757302967e-06, 1.3268164309465647e-06, 1.4207481058292615e-07, 1.6281230443837558e-06, 5.85518677098662e-07, 3.764032214803592e-07, 4.7664886437814857e-07, 7.1823326379671926e-06, 1.0425653442780458e-06, 7.427399566495296e-07, 1.622054838890108e-06, 4.597636689140927e-07, 2.9586283289972926e-07, 7.864256872380793e-07, 5.194449386181077e-07, 1.2017834478683653e-06, 1.1126383867576806e-06, 2.121449142578058e-06, 2.383076207479462e-07, 3.7937609249638626e-06, 2.773579382164826e-06, 7.437437545831926e-07, 5.133306331117637e-07, 6.735895112797152e-07, 2.3521958496530715e-06, 7.624029763064755e-08, 1.5524395280408498e-06, 2.436910136793813e-06, 2.256575811543371e-06, 2.0245784071448725e-07, 4.366586438209197e-06, 7.128836898573354e-07, 5.690152420356753e-07, 3.2949664614534413e-06, 1.1408068303353502e-06, 6.538180628012924e-07, 9.389835611273156e-07, 8.211569593186141e-07, 2.2880553274262638e-07, 2.4257847996977944e-06, 1.1716172991782514e-06, 2.621122519030905e-07, 1.633590358096626e-06, 2.316148453473943e-06, 8.28637524818987e-07, 3.7333720115384494e-06, 1.4034715150046395e-06, 6.006777653055906e-07, 1.345366996474695e-06, 1.1979751377566572e-06, 7.71581539993349e-07, 3.44859603274017e-06, 4.098924677009563e-06, 2.0852826310147066e-07, 3.013116895544954e-06, 4.047662770290117e-06, 1.3981122037876048e-06, 1.3514127772396023e-07, 1.3160043863535975e-06, 3.1525081567451707e-07, 4.2334332022164745e-06, 9.747185458763852e-08, 8.502629782469739e-07, 8.367884447579854e-07, 2.11839278563275e-06, 7.253763953940506e-07, 2.7503731416800292e-06, 4.75036287639341e-06, 2.0848921167271328e-07, 4.024305809480211e-06, 1.3208603775183292e-06, 1.3218404433246178e-06, 1.1096561536305671e-06, 1.0705122974741244e-06, 3.978259428549791e-07, 5.485385656811559e-07, 3.228696812129783e-07, 6.100208906900662e-07, 1.295509599685829e-05, 1.5796959189628978e-06, 8.416478749495582e-07, 6.825816285527253e-07, 2.6841473754757317e-07, 7.899772356267931e-07, 6.828272489656229e-07, 4.823997130642965e-07, 1.880945148968749e-06, 3.7686157838834333e-07, 4.090180425464496e-07, 6.049481555692182e-07, 1.72689345845356e-06, 6.038571314093133e-07, 2.1883647605136503e-06, 3.374105517650605e-06, 1.052594086559111e-06, 8.483710587370297e-07, 5.136207050782104e-07, 9.06165666947345e-07, 2.1039228954577993e-06, 5.331931163254922e-07, 1.216012577742731e-06, 3.7428654593441024e-06, 1.5013036716027273e-06, 5.531020121907204e-07, 2.91618070491495e-06, 6.190308994291627e-06, 3.087021440251192e-06, 7.077565555846377e-07, 2.625925048960198e-06, 6.707794000249123e-07, 4.852378481245978e-07, 7.340251215737226e-07, 5.559775217989227e-07, 1.500034926493754e-06, 6.980511955134716e-07, 1.295954092483953e-06, 2.605693254054131e-06, 1.545766110666591e-07, 4.4977340962759627e-07, 5.786179997357976e-07, 2.9480742114174063e-07, 2.3186296118637983e-06, 3.849549642609418e-06, 3.0585761123802513e-06, 1.3426423493001494e-06, 8.217066067572887e-07, 5.77733089812682e-07, 1.3652729364821425e-06, 1.4250938704662985e-06, 1.0152481593195262e-06, 8.732441358461074e-06, 8.521344057044189e-07, 7.954578506996768e-07, 5.271585337141005e-06, 6.502972070165924e-06, 3.661286058331825e-06, 6.15017285099384e-07, 7.786410662902199e-07, 3.584308387871715e-07, 1.2761579739617446e-06, 2.244714892185584e-06, 3.6139454095973633e-07, 2.347668271340808e-06, 3.7587631140922895e-07, 6.255063453863841e-07, 3.3558154939328233e-06, 3.332635685637797e-06, 7.928514378363616e-08, 1.3270934857700922e-06, 6.990001196527373e-06, 7.816140652039394e-06, 2.199536396574331e-06, 2.973308710352285e-07, 1.4515909754209133e-06, 7.191033262188284e-07, 1.5115205371785123e-06, 7.221564146675519e-07, 3.2927113124969765e-07, 6.215745145254914e-07, 6.347826825958691e-06, 8.729021487852151e-07, 4.825762687232782e-07, 4.439378102460978e-06, 5.423631534995366e-07, 6.165377044453635e-07, 1.2894148824216245e-06, 8.741128851852409e-07, 3.051929809316789e-06, 5.115958202850379e-06, 1.6904295137010195e-06, 2.352474012923267e-06, 9.58583683541292e-07, 3.4702872824254882e-06, 1.7636696725276124e-07, 3.879905648318527e-06, 7.564428017303726e-07, 4.249448011250934e-06, 8.621432243671734e-07, 3.2462187959936273e-07, 1.7936200435997307e-06, 2.358339514785257e-06, 3.434351242503908e-06, 4.148608638843143e-07, 6.982455715842661e-07, 1.0085125552450336e-06, 9.905983802127594e-07, 3.459126361349263e-06, 4.595775436655458e-06, 3.0341118417709367e-07, 1.85781686923292e-07, 1.6620055021121516e-06, 1.6827791853302188e-06, 3.5032977905302687e-06, 1.5268046524852252e-06, 4.765961705288646e-07, 1.057692770700669e-06, 4.025955831821193e-06, 6.24644258095941e-07, 1.9377373519091634e-06, 5.404081377946568e-07, 9.322443901282895e-06, 1.947365149135294e-06, 9.340496376353258e-07, 1.212293580010737e-05, 3.6367873121889716e-06, 1.3100705587021366e-06, 1.1072931727085233e-06, 1.5443591507846577e-06, 4.130872355290194e-07, 1.1700994093644113e-06, 1.0181588550040033e-06, 6.49848544753695e-07, 1.0257006977099081e-06, 2.2006512949701573e-06, 9.244365912763897e-07, 1.5189130238013604e-06, 1.5179474246451718e-06, 2.2106752339823288e-07, 5.3355278168965015e-06, 4.382013003123575e-06, 4.816693035536446e-07, 5.702461578493967e-06, 5.976417583042348e-07, 1.2700924401087832e-06, 3.9235658277902985e-08, 1.2583858506332035e-06, 1.3244692809166736e-06, 1.0750465264663944e-06, 1.1276143254690396e-06, 7.432388997585804e-07, 5.743012678749437e-06, 1.3315799378688098e-06, 4.939997580777344e-06, 2.7669537416841194e-07, 2.034289082075702e-06, 2.0531143718471867e-07, 7.294767385701562e-07, 2.9853633805032587e-06, 4.387323855326031e-06, 9.951169204214239e-07, 1.8023381755938317e-06]
reg_a = [100.03699999999998, 67.49500433345008, 27.03168260838737, 35.27795769850877, 15.94723456543278, 4.947322847160649, 3.52831448235861, 1.5521165201733425, 1.5682909359738346, 1.6510314352068747, 0.21787843004622687, 0.07613088639445209, 0.021446982884071986, 0.03254313285080457, 0.24749057583844092, 3.4219738154206425e-11, 0.0, 0.0, 0.0, 0.0, 0.0, 0.0, 0.0, 0.0, 0.0, 0.0, 0.0, 0.0, 0.0, 0.0, 0.0, 5.684341886080802e-14, 0.0, 0.0, 0.0, 0.0, 0.0, 0.0, 0.0, 0.0, 0.0, 0.0, 0.0, 0.0, 0.0, 0.0, 0.0, 0.0, 0.0, 0.0, 0.0, 0.0, 0.0, 0.0, 0.0, 0.0, 0.0, 0.0, 0.0, 0.0, 0.0, 0.0, 0.0, 0.0, 0.0, 0.0, 0.0, 0.0, 0.0, 0.0, 0.0, 0.0, 0.0, 0.0, 0.0, 0.0, 0.0, 0.0, 0.0, 0.0, 0.0, 0.0, 0.0, 0.0, 0.0, 0.0, 0.0, 0.0, 0.0, 0.0, 0.0, 0.0, 0.0, 0.0, 0.0, 0.0, 0.0, 0.0, 0.0, 0.0, 0.0, 0.0, 0.0, 0.0, 0.0, 0.0, 0.0, 0.0, 0.0, 0.0, 0.0, 0.0, 0.0, 2.842170943040401e-14, 0.0, 0.0, 0.0, 0.0, 0.0, 0.0, 0.0, 0.0, 2.842170943040401e-14, 0.0, 0.0, 0.0, 0.0, 0.0, 0.0, 0.0, 2.842170943040401e-14, 0.0, 0.0, 0.0, 0.0, 0.0, 0.0, 0.0, 0.0, 0.0, 0.0, 0.0, 0.0, 0.0, 0.0, 0.0, 0.0, 0.0, 0.0, 0.0, 0.0, 0.0, 0.0, 0.0, 0.0, 0.0, 0.0, 0.0, 0.0, 0.0, 0.0, 0.0, 0.0, 0.0, 0.0, 0.0, 0.0, 0.0, 0.0, 0.0, 0.0, 0.0, 0.0, 0.0, 0.0, 0.0, 0.0, 0.0, 0.0, 0.0, 0.0, 0.0, 0.0, 0.0, 0.0, 0.0, 0.0, 0.0, 0.0, 0.0, 0.0, 0.0, 0.0, 0.0, 0.0, 0.0, 0.0, 0.0, 0.0, 0.0, 0.0, 0.0, 0.0, 0.0, 0.0, 0.0, 0.0, 0.0, 0.0, 0.0, 0.0, 0.0, 0.0, 0.0, 0.0, 0.0, 0.0, 0.0, 0.0, 0.0, 0.0, 0.0, 0.0, 0.0, 0.0, -5.684341886080802e-14, 0.0, 0.0, 0.0, 0.0, 0.0, 0.0, 0.0, 0.0, 0.0, 0.0, 0.0, 0.0, 0.0, 0.0, 0.0, 0.0, 0.0, 0.0, 0.0, 0.0, 0.0, 0.0, 0.0, 0.0, 0.0, 0.0, 0.0, 0.0, 0.0, -2.842170943040401e-14, 0.0, 0.0, 0.0, 0.0, 0.0, 0.0, 0.0, 0.0, 0.0, 0.0, 0.0, 0.0, 0.0, 0.0, 0.0, 0.0, 0.0, 0.0, 0.0, 0.0, 0.0, 0.0, 0.0, 0.0, 0.0, 0.0, 0.0, 0.0, 0.0, 0.0, 0.0, 0.0, 0.0, 0.0, 0.0, 0.0, 0.0, 0.0, 0.0, 0.0, 0.0, 0.0, 0.0, 0.0, 0.0, 0.0, 0.0, 0.0, 0.0, 0.0, 2.842170943040401e-14, 0.0, 0.0, 0.0, 0.0, 0.0, 0.0, 0.0, 0.0, 0.0, 0.0, 0.0, 0.0, 0.0, 0.0, 0.0, 0.0, 0.0, -2.842170943040401e-14, -5.684341886080802e-14, 0.0, 0.0, 0.0, 0.0, 2.842170943040401e-14, 0.0, 0.0, 0.0, 2.842170943040401e-14, 0.0, 0.0, 0.0, 0.0, 0.0, 0.0, 0.0, 0.0, 0.0, 0.0, 0.0, 0.0, 0.0, 0.0, 0.0, 0.0, 0.0, 0.0, 0.0, 0.0, 0.0, 0.0, 0.0, 0.0, 0.0, 0.0, 0.0, 0.0, 0.0, 0.0, 0.0, 0.0, 0.0, 0.0, 0.0, 0.0, 0.0, 0.0, 0.0, 0.0, 0.0, 0.0, 0.0, 0.0, 0.0, 0.0, 0.0, 0.0, 0.0, 0.0, 0.0, 0.0, 0.0, 0.0, 0.0, 0.0, 0.0, 0.0, 0.0, 0.0, 0.0, 0.0, 0.0, 0.0, 0.0, 0.0, 0.0, 0.0, 0.0, -2.842170943040401e-14, 0.0, 0.0, 0.0, 0.0, 0.0, 0.0, 0.0, 0.0, 0.0, 0.0, 0.0, 0.0, 0.0, 0.0, 0.0, 0.0, 0.0, 0.0, 0.0, 0.0, 0.0, 0.0, 0.0, 0.0, 0.0, 0.0, 0.0, 0.0, 0.0, 0.0, 0.0, 0.0, 0.0, 0.0, 2.842170943040401e-14, 0.0, 0.0, 0.0, 0.0, 0.0, -2.842170943040401e-14, 0.0, 0.0, 0.0, 0.0, 0.0, 0.0, 0.0, 0.0, 0.0, 0.0, 0.0, 0.0, 0.0, 0.0, 0.0, 0.0, 0.0, 0.0, 0.0, 0.0, 0.0, 0.0, 0.0, 0.0, 0.0, 0.0, 0.0, 0.0, 0.0, 0.0, 0.0, 0.0, 0.0, 0.0, 0.0, 0.0, 0.0, 0.0, 0.0, 0.0, 0.0, 0.0, 0.0, 0.0, 0.0, 0.0, 0.0, 0.0, 0.0, 0.0, 0.0, 0.0, 0.0, 0.0]
reg_c = [100.03699999999998, 67.49505297036177, 27.031736480546044, 35.278106325952365, 15.947265210244552, 4.94732358499698, 3.5283249941895463, 1.5521279011874753, 1.5683248436917268, 1.6511145177872208, 0.21789961353621834, 0.07615693188230921, 0.021451152503090043, 0.03254499809736444, 0.24750651978166616, 0.0, 0.0, 0.0, 0.0, 0.0, 0.0, 0.0, 0.0, 0.0, 0.0, 0.0, 0.0, 0.0, 0.0, 0.0, 0.0, 5.684341886080802e-14, 0.0, 0.0, 0.0, 0.0, 0.0, 0.0, 0.0, 0.0, 0.0, 0.0, 0.0, 0.0, 0.0, 0.0, 0.0, 0.0, 0.0, 0.0, 0.0, 0.0, 0.0, 0.0, 0.0, 0.0, 0.0, 0.0, 0.0, 0.0, 0.0, 0.0, 0.0, 0.0, 0.0, 0.0, 0.0, 0.0, 0.0, 0.0, 0.0, 0.0, 0.0, 0.0, 0.0, 0.0, 0.0, 0.0, 0.0, 0.0, 0.0, 0.0, 0.0, 0.0, 0.0, 0.0, 0.0, 0.0, 0.0, 0.0, 0.0, 0.0, 0.0, 0.0, 0.0, 0.0, 0.0, 0.0, 0.0, 0.0, 0.0, 0.0, 0.0, 0.0, 0.0, 0.0, 0.0, 0.0, 0.0, 0.0, 0.0, 0.0, 0.0, 2.842170943040401e-14, 0.0, 0.0, 0.0, 0.0, 0.0, 0.0, 0.0, 0.0, 2.842170943040401e-14, 0.0, 0.0, 0.0, 0.0, 0.0, 0.0, 0.0, 2.842170943040401e-14, 0.0, 0.0, 0.0, 0.0, 0.0, 0.0, 0.0, 0.0, 0.0, 0.0, 0.0, 0.0, 0.0, 0.0, 0.0, 0.0, 0.0, 0.0, 0.0, 0.0, 0.0, 0.0, 0.0, 0.0, 0.0, 0.0, 0.0, 0.0, 0.0, 0.0, 0.0, 0.0, 0.0, 0.0, 0.0, 0.0, 0.0, 0.0, 0.0, 0.0, 0.0, 0.0, 0.0, 0.0, 0.0, 0.0, 0.0, 0.0, 0.0, 0.0, 0.0, 0.0, 0.0, 0.0, 0.0, 0.0, 0.0, 0.0, 0.0, 0.0, 0.0, 0.0, 0.0, 0.0, 0.0, 0.0, 0.0, 0.0, 0.0, 0.0, 0.0, 0.0, 0.0, 0.0, 0.0, 0.0, 0.0, 0.0, 0.0, 0.0, 0.0, 0.0, 0.0, 0.0, 0.0, 0.0, 0.0, 0.0, 0.0, 0.0, 0.0, 0.0, 0.0, 0.0, -5.684341886080802e-14, 0.0, 0.0, 0.0, 0.0, 0.0, 0.0, 0.0, 0.0, 0.0, 0.0, 0.0, 0.0, 0.0, 0.0, 0.0, 0.0, 0.0, 0.0, 0.0, 0.0, 0.0, 0.0, 0.0, 0.0, 0.0, 0.0, 0.0, 0.0, 0.0, -2.842170943040401e-14, 0.0, 0.0, 0.0, 0.0, 0.0, 0.0, 0.0, 0.0, 0.0, 0.0, 0.0, 0.0, 0.0, 0.0, 0.0, 0.0, 0.0, 0.0, 0.0, 0.0, 0.0, 0.0, 0.0, 0.0, 0.0, 0.0, 0.0, 0.0, 0.0, 0.0, 0.0, 0.0, 0.0, 0.0, 0.0, 0.0, 0.0, 0.0, 0.0, 0.0, 0.0, 0.0, 0.0, 0.0, 0.0, 0.0, 0.0, 0.0, 0.0, 0.0, 2.842170943040401e-14, 0.0, 0.0, 0.0, 0.0, 0.0, 0.0, 0.0, 0.0, 0.0, 0.0, 0.0, 0.0, 0.0, 0.0, 0.0, 0.0, 0.0, -2.842170943040401e-14, -5.684341886080802e-14, 0.0, 0.0, 0.0, 0.0, 2.842170943040401e-14, 0.0, 0.0, 0.0, 2.842170943040401e-14, 0.0, 0.0, 0.0, 0.0, 0.0, 0.0, 0.0, 0.0, 0.0, 0.0, 0.0, 0.0, 0.0, 0.0, 0.0, 0.0, 0.0, 0.0, 0.0, 0.0, 0.0, 0.0, 0.0, 0.0, 0.0, 0.0, 0.0, 0.0, 0.0, 0.0, 0.0, 0.0, 0.0, 0.0, 0.0, 0.0, 0.0, 0.0, 0.0, 0.0, 0.0, 0.0, 0.0, 0.0, 0.0, 0.0, 0.0, 0.0, 0.0, 0.0, 0.0, 0.0, 0.0, 0.0, 0.0, 0.0, 0.0, 0.0, 0.0, 0.0, 0.0, 0.0, 0.0, 0.0, 0.0, 0.0, 0.0, 0.0, 0.0, -2.842170943040401e-14, 0.0, 0.0, 0.0, 0.0, 0.0, 0.0, 0.0, 0.0, 0.0, 0.0, 0.0, 0.0, 0.0, 0.0, 0.0, 0.0, 0.0, 0.0, 0.0, 0.0, 0.0, 0.0, 0.0, 0.0, 0.0, 0.0, 0.0, 0.0, 0.0, 0.0, 0.0, 0.0, 0.0, 0.0, 2.842170943040401e-14, 0.0, 0.0, 0.0, 0.0, 0.0, -2.842170943040401e-14, 0.0, 0.0, 0.0, 0.0, 0.0, 0.0, 0.0, 0.0, 0.0, 0.0, 0.0, 0.0, 0.0, 0.0, 0.0, 0.0, 0.0, 0.0, 0.0, 0.0, 0.0, 0.0, 0.0, 0.0, 0.0, 0.0, 0.0, 0.0, 0.0, 0.0, 0.0, 0.0, 0.0, 0.0, 0.0, 0.0, 0.0, 0.0, 0.0, 0.0, 0.0, 0.0, 0.0, 0.0, 0.0, 0.0, 0.0, 0.0, 0.0, 0.0, 0.0, 0.0, 0.0, 0.0]
reg_d = [100.03699999999998, 67.49505297036177, 27.031736480546044, 35.278106325952365, 15.947265210244552, 4.94732358499698, 3.5283249941895463, 1.5521279011874753, 1.5683131549385791, 1.6510687484672815, 0.21788777855320518, 0.07613945013301304, 0.021448267602949045, 0.03254374544337679, 0.24749581528374165, 0.0, 0.0, 0.0, 0.0, 0.0, 0.0, 5.684341886080802e-14, 0.0, 0.0, 0.0, 0.0, 0.0, 0.0, 0.0, 0.0, 0.0, 5.684341886080802e-14, 0.0, 0.0, 0.0, 0.0, 0.0, 0.0, 0.0, 0.0, 0.0, 0.0, 0.0, 0.0, 0.0, 0.0, 0.0, 0.0, 0.0, 0.0, 0.0, 0.0, 0.0, 0.0, 0.0, 0.0, 0.0, 0.0, 0.0, 0.0, 0.0, 0.0, 0.0, 0.0, 0.0, 0.0, 0.0, 0.0, 0.0, 0.0, 0.0, 0.0, 0.0, -2.842170943040401e-14, 0.0, 0.0, 0.0, 0.0, 2.842170943040401e-14, 0.0, 0.0, 0.0, 0.0, 0.0, 0.0, 0.0, 0.0, 0.0, 0.0, 0.0, 0.0, 0.0, 0.0, 0.0, 0.0, 0.0, 0.0, 0.0, 0.0, 0.0, 0.0, 0.0, 0.0, 0.0, 0.0, 0.0, 0.0, 5.684341886080802e-14, -2.842170943040401e-14, 0.0, 0.0, 0.0, 0.0, 2.842170943040401e-14, 0.0, 0.0, 0.0, 0.0, 0.0, 0.0, 0.0, -2.842170943040401e-14, 2.842170943040401e-14, 0.0, 0.0, 0.0, 0.0, 0.0, 0.0, 0.0, 5.684341886080802e-14, 0.0, 0.0, 0.0, 0.0, 0.0, 0.0, 0.0, 0.0, 0.0, 0.0, 2.842170943040401e-14, 0.0, 0.0, 0.0, 0.0, 0.0, 0.0, 0.0, 0.0, 0.0, 0.0, 0.0, 0.0, 0.0, 0.0, 0.0, 0.0, 0.0, 0.0, 0.0, 0.0, 0.0, 0.0, 0.0, 0.0, 0.0, 0.0, 0.0, 0.0, 0.0, 0.0, 0.0, 0.0, 0.0, 0.0, 0.0, 0.0, 0.0, 0.0, 0.0, 0.0, 0.0, 0.0, 0.0, 0.0, 0.0, 0.0, 0.0, 0.0, 0.0, 0.0, 0.0, 0.0, 2.842170943040401e-14, 0.0, 0.0, 0.0, 0.0, 0.0, 0.0, 0.0, 0.0, 0.0, 0.0, 0.0, -5.684341886080802e-14, 0.0, 0.0, 5.684341886080802e-14, 0.0, 0.0, 0.0, 0.0, 0.0, 0.0, 0.0, 0.0, 0.0, 0.0, 0.0, 0.0, 0.0, 0.0, 0.0, -5.684341886080802e-14, 0.0, 0.0, 0.0, 0.0, 0.0, 0.0, 0.0, 0.0, 0.0, 0.0, 0.0, 0.0, 0.0, 0.0, 0.0, 0.0, 0.0, 0.0, 0.0, 0.0, 0.0, -2.842170943040401e-14, 0.0, 0.0, 0.0, 0.0, 0.0, 0.0, 0.0, -2.842170943040401e-14, 0.0, 0.0, 0.0, 0.0, 0.0, 0.0, 0.0, 0.0, 0.0, 0.0, 0.0, 0.0, 0.0, 0.0, 0.0, 0.0, 0.0, 0.0, 0.0, 0.0, 0.0, 0.0, 0.0, 0.0, 0.0, 0.0, 0.0, 0.0, 0.0, 0.0, 0.0, 0.0, 0.0, 0.0, 0.0, 0.0, 0.0, 0.0, 0.0, 0.0, 0.0, 0.0, 0.0, 0.0, 0.0, 0.0, 0.0, 2.842170943040401e-14, 0.0, 0.0, 2.842170943040401e-14, 0.0, 0.0, 0.0, 0.0, 0.0, 0.0, 0.0, 0.0, 0.0, 0.0, 0.0, 0.0, 0.0, 0.0, 0.0, 0.0, 0.0, -2.842170943040401e-14, -5.684341886080802e-14, 0.0, 2.842170943040401e-14, 0.0, 0.0, 2.842170943040401e-14, 0.0, 0.0, 0.0, 0.0, 0.0, 0.0, 0.0, 0.0, 0.0, 0.0, 0.0, 0.0, 0.0, -2.842170943040401e-14, 0.0, 0.0, 0.0, 0.0, 0.0, 0.0, 0.0, 0.0, 0.0, 0.0, 0.0, 0.0, 0.0, 0.0, 0.0, 0.0, 0.0, 0.0, 0.0, 0.0, 0.0, 0.0, 0.0, 0.0, 0.0, 0.0, 0.0, 0.0, 0.0, 0.0, 0.0, 0.0, 0.0, 0.0, 0.0, 0.0, 0.0, 0.0, 0.0, 0.0, 0.0, 0.0, 0.0, 0.0, 0.0, 0.0, 0.0, 0.0, 0.0, 0.0, 0.0, 0.0, 0.0, 0.0, 0.0, 0.0, 0.0, 0.0, 0.0, -2.842170943040401e-14, -2.842170943040401e-14, 0.0, 0.0, 0.0, 0.0, 0.0, 0.0, 0.0, 0.0, 0.0, 0.0, 0.0, 0.0, 0.0, 0.0, 0.0, 0.0, 0.0, 0.0, 0.0, 0.0, 0.0, 0.0, 0.0, 0.0, 0.0, 0.0, 0.0, 0.0, 0.0, 0.0, 0.0, 0.0, 0.0, 2.842170943040401e-14, 0.0, 0.0, 0.0, 0.0, 0.0, -2.842170943040401e-14, 0.0, 0.0, 0.0, 0.0, 0.0, 0.0, 0.0, 0.0, 0.0, 0.0, 0.0, 0.0, 0.0, 0.0, 0.0, 0.0, 0.0, 0.0, 0.0, 0.0, 0.0, 0.0, 0.0, 0.0, 0.0, -2.842170943040401e-14, 0.0, 0.0, 0.0, 0.0, 0.0, 0.0, 0.0, 0.0, 0.0, 0.0, 0.0, 0.0, 0.0, 0.0, 0.0, 0.0, 0.0, 0.0, 0.0, 5.684341886080802e-14, 0.0, 0.0, 0.0, 0.0, 0.0, 0.0, 0.0, 0.0]
[100.03699999999998, 67.49505297036183, 27.031736480546044, 35.278106325952365, 15.947265210244552, 4.94732358499698, 3.5283249941894894, 1.5521279011874753, 1.5683284988155322, 1.651131726032105, 0.21791777177878657, 0.0761645528967847, 0.021454020593040468, 0.03254624345223078, 0.24751716190479556, 0.0, 0.0, 0.0, 0.0, 0.0, 0.0, 5.684341886080802e-14, 0.0, 0.0, 0.0, 0.0, 0.0, 0.0, 0.0, 0.0, 0.0, 5.684341886080802e-14, 0.0, 0.0, 0.0, 0.0, 0.0, 0.0, 0.0, 0.0, 0.0, 0.0, 0.0, 0.0, 0.0, 0.0, 0.0, 0.0, 0.0, 0.0, 0.0, 0.0, 0.0, 0.0, 0.0, 0.0, 0.0, 0.0, 0.0, 0.0, 0.0, 0.0, 0.0, 0.0, 0.0, 0.0, 0.0, 0.0, 0.0, 0.0, 0.0, 0.0, 0.0, 0.0, 0.0, 0.0, 0.0, 0.0, 2.842170943040401e-14, 0.0, 0.0, 0.0, 0.0, 0.0, 0.0, 0.0, 0.0, 0.0, 0.0, 0.0, 0.0, 0.0, 0.0, 0.0, 0.0, 0.0, 0.0, 0.0, 0.0, 0.0, 0.0, 0.0, 0.0, 0.0, 0.0, 0.0, 0.0, 5.684341886080802e-14, 0.0, 0.0, 0.0, 0.0, 0.0, 2.842170943040401e-14, 0.0, 0.0, 0.0, 0.0, 0.0, 0.0, 0.0, 0.0, 2.842170943040401e-14, 0.0, 0.0, 0.0, 0.0, 0.0, 0.0, 0.0, 5.684341886080802e-14, 0.0, 0.0, 0.0, 0.0, 0.0, 0.0, 0.0, 0.0, 0.0, 0.0, 2.842170943040401e-14, 0.0, 0.0, 0.0, 0.0, 0.0, 0.0, 0.0, 0.0, 0.0, 0.0, 0.0, 0.0, 0.0, 0.0, 0.0, 0.0, 0.0, 0.0, 0.0, 0.0, 0.0, 0.0, 0.0, 0.0, 0.0, 0.0, 0.0, 0.0, 0.0, 0.0, 0.0, 0.0, 0.0, 0.0, 0.0, 0.0, 0.0, 0.0, 0.0, 0.0, 0.0, 0.0, 0.0, 0.0, 0.0, 0.0, 0.0, 0.0, 0.0, 0.0, 0.0, 0.0, 0.0, 0.0, 0.0, 0.0, 0.0, 0.0, 0.0, 0.0, 0.0, 0.0, 0.0, 0.0, 0.0, 0.0, 0.0, 0.0, 0.0, 0.0, 0.0, 0.0, 0.0, 0.0, 0.0, 0.0, 0.0, 0.0, 0.0, 0.0, 0.0, 0.0, 0.0, -5.684341886080802e-14, 0.0, 0.0, 0.0, 0.0, 0.0, 0.0, 0.0, 0.0, 0.0, 0.0, 0.0, 0.0, 0.0, 0.0, 0.0, 0.0, 0.0, 0.0, 0.0, 0.0, 0.0, 0.0, 0.0, 0.0, 0.0, 0.0, 0.0, 0.0, 0.0, -2.842170943040401e-14, 0.0, 0.0, 0.0, 0.0, 0.0, 0.0, 0.0, 0.0, 0.0, 0.0, 0.0, 0.0, 0.0, 0.0, 0.0, 0.0, 0.0, 0.0, 0.0, 0.0, 0.0, 0.0, 0.0, 0.0, 0.0, 0.0, 0.0, 0.0, 0.0, 0.0, 0.0, 0.0, 0.0, 0.0, 0.0, 0.0, 0.0, 0.0, 0.0, 0.0, 0.0, 0.0, 0.0, 0.0, 0.0, 0.0, 0.0, 0.0, 0.0, 0.0, 2.842170943040401e-14, 0.0, 0.0, 0.0, 0.0, 0.0, 0.0, 0.0, 0.0, 0.0, 0.0, 0.0, 0.0, 0.0, 0.0, 0.0, 0.0, 0.0, -2.842170943040401e-14, -5.684341886080802e-14, 0.0, 0.0, 0.0, 0.0, 2.842170943040401e-14, 0.0, 0.0, 0.0, 2.842170943040401e-14, 0.0, 0.0, 0.0, 0.0, 0.0, 0.0, 0.0, 0.0, 0.0, 0.0, 0.0, 0.0, 0.0, 0.0, 0.0, 0.0, 0.0, 0.0, 0.0, 0.0, 0.0, 0.0, 0.0, 0.0, 0.0, 0.0, 0.0, 0.0, 0.0, 0.0, 0.0, 0.0, 0.0, 0.0, 0.0, 0.0, 0.0, 0.0, 0.0, 0.0, 0.0, 0.0, 0.0, 0.0, 0.0, 0.0, 0.0, 0.0, 0.0, 0.0, 0.0, 0.0, 0.0, 0.0, 0.0, 0.0, 0.0, 0.0, 0.0, 0.0, 0.0, 0.0, 0.0, 0.0, 0.0, 0.0, 0.0, 0.0, 0.0, -2.842170943040401e-14, 0.0, 0.0, 0.0, 0.0, 0.0, 0.0, 0.0, 0.0, 0.0, 0.0, 0.0, 0.0, 0.0, 0.0, 0.0, 0.0, 0.0, 0.0, 0.0, 0.0, 0.0, 0.0, 0.0, 0.0, 0.0, 0.0, 0.0, 0.0, 0.0, 0.0, 0.0, 0.0, 0.0, 0.0, 2.842170943040401e-14, 0.0, 0.0, 0.0, 0.0, 0.0, -2.842170943040401e-14, 0.0, 0.0, 0.0, 0.0, 0.0, 0.0, 0.0, 0.0, 0.0, 0.0, 0.0, 0.0, 0.0, 0.0, 0.0, 0.0, 0.0, 0.0, 0.0, 0.0, 0.0, 0.0, 0.0, 0.0, 0.0, 0.0, 0.0, 0.0, 0.0, 0.0, 0.0, 0.0, 0.0, 0.0, 0.0, 0.0, 0.0, 0.0, 0.0, 0.0, 0.0, 0.0, 0.0, 0.0, 0.0, 0.0, 0.0, 0.0, 0.0, 0.0, 0.0, 0.0, 0.0, 0.0]
[ 97.087     94.61525   69.3885   111.21425  153.4895   101.34075
 103.598625  95.014375 120.3125   111.99775  116.2335   104.73425
 120.957125 107.797125 111.307375 128.72675   86.4485    75.423875
  95.295    145.81825  121.769875  92.0205    84.533875 109.37575
  53.15475  109.158875  83.18475   84.842    114.247    103.843625
  94.32125   72.504     82.310125  87.93725  117.72775  101.528875
 110.939875  81.491125  88.297625  91.319875  73.367     71.275625
 129.4655   113.118    103.806625  90.94575  117.50775  113.129125
 111.126875 124.93825   89.99825   90.147625  93.9005    73.312375
  82.16425   95.320375 104.261125 111.70625   83.7355    81.185875
 127.83225   97.58175   85.180125 108.142375  61.71175   89.927875
  94.140875 104.81725  115.980875  77.682375  83.59125   97.6875
  71.716625  92.0475    85.44475   82.1945    66.74075   71.594875
  82.596875  81.915     96.359125 111.478375 108.700125 127.10575
  88.299    112.0295    89.073375  84.217625  72.425125  69.333625
  84.2455    89.531125  95.8275    81.698375  83.669125  74.8065
  96.54125   92.12275   81.434125 101.11075   71.81075   99.327625
  84.264    103.68675  100.913     79.2095    96.130875 100.234875
  84.131125 117.2105   121.89825  100.782     99.287625  98.55225
  86.4505    78.22475   79.127    101.624125  79.776     89.352625
  99.449375  81.038625  82.1195    82.289375  89.037625  76.268375
  80.69275   69.423     75.594625 112.892625  99.67125   76.368125
  85.175375  85.63525   78.915375  72.927875  84.96825   93.82675
  77.8675    66.371     81.279     95.245375  83.516625  97.901875
  78.4005    74.159875 100.182875  81.953125  80.136625  53.386375
  57.10525   70.816125 113.36825   93.986     92.52575   98.887875
  90.46225  109.81225   86.949625  96.625625  65.170125 120.325125
  84.240875 104.918     97.21425  131.28625   82.75375  110.239
  86.757     76.591875  76.27875   65.816625  92.6535    71.327625
  86.57075   85.552875  75.37175   78.4395    89.607875  84.11625
  80.200375  70.39475   84.11      97.906375 103.33025  111.6835
 113.1445    78.784125  77.289125  99.610125  90.683     74.576125
  81.121625  65.45125   76.052375  86.801     86.2085    86.16075
  74.237375  90.3245    77.7805    60.7045    74.1395    72.43875
  64.909125  97.431875  86.89175  103.517     79.869125  57.54475
  64.136     84.684625 122.729     98.804     90.248875  73.000375
  72.543875  93.898     83.383125  78.801375  91.35925   81.984125
  74.598875  85.549875 104.259     47.25825   81.696     65.56775
  86.826625 106.044     65.206    111.165625  95.201     80.54025
  79.177375  79.793625  84.45775  104.0595    81.601875  92.394125
  65.9165    87.87075   89.677875  90.765625  88.850375  69.678125
  68.50325   88.59575  100.623625  69.86475   77.508125  92.578625
  90.29225  102.59525  100.562     74.651     62.56425   98.280875
  94.07025   75.779875  65.501625  68.38475   77.409875  68.1285
  62.66225  100.9355    84.114375  94.539625  81.685125  73.33725
  85.08075   59.12375   93.1075    75.963625  96.56175   89.062
  96.4915    71.306875  85.169875  79.243375  73.688     92.408375
  75.725625  84.660625  78.528625 103.151375  96.688875  70.27275
  74.489625  71.312625  73.710625  82.213     89.80375   90.876625
  92.28475   82.4435    87.178875  88.2025   110.85975   77.4005
  73.3285    76.573375 102.790625 114.8415    65.682875  79.779375
  79.463875  86.528     71.298     76.877875  73.30625   80.34525
  58.21525   92.791875  87.5745   107.960125  78.416    100.537
  86.35525   73.31525   69.94675   70.16225   81.24275   85.694625
  75.325375  92.746125  79.817125  68.4105    68.840375  79.630125
  94.393125  80.22025   75.917375  92.834875  87.422875  72.615875
  78.1395    61.445375  77.95275   70.494125  99.50275   61.632375
  71.442375  71.67175   72.4295    69.620875  79.5165    57.288
  62.010125  81.92475   61.327     89.55175   84.966     66.308875
  68.1155    77.95875   71.353     57.72175   61.489125  89.20975
  79.931875  83.3605    82.421     85.697125  79.947     72.895625
  81.165     76.724375  83.888     71.573     64.227125  98.3395
  82.957625  79.149375 108.2255    86.394875  70.9575    56.75775
  70.521     74.032375  54.749375  70.5675    62.600125  62.97125
  76.037375  77.593625  76.43825   71.013875  75.3735    99.471375
  72.04825   88.576875 105.115125 108.174125  86.229     82.455625
  85.096375  96.46025  100.78575   86.989625  62.577375  58.190375
  53.024125  78.859     59.598375  76.17075   54.782     92.764
  73.821     61.72425   68.093375  61.804875  45.3085    48.553375
  58.052     61.99025   76.63925   66.74925   82.22625   71.9855
  64.62025   66.0145    63.72425   87.818625  78.671625  91.801875
 100.481625  91.194     66.348     86.838625  69.7515   101.571375
  70.134875  71.323125  52.56675   71.78375   81.140125  67.691375
  63.025     54.644875  76.4165    58.334625  84.226125  88.092625
  76.815    109.0995    90.66025   74.183     55.4505    73.2965
  91.825625  83.901375  83.718875  73.513625  65.163375  64.728
  71.2105    67.42875   68.876625  80.277875  78.514875  64.737375
  72.8165    73.199625 101.166125  77.250625 101.243625  67.698
  63.25875   95.832875  88.19125   85.227125  55.928625  71.3105
  59.517375  65.214375  42.6735    46.584375  86.902125  81.675
  83.486125  71.04825   66.14975   84.11125   65.019375  96.4175
  81.083     84.9095    73.612     59.4415    60.501     85.583875
  76.512875  75.632375  53.87375   69.782625  82.57325   71.64425
  49.256     92.7665  ]
Regrets
259.63225489326476
259.6314454347006
259.6319360447583
259.6318344279011
259.6319974429522
41935.73649999999
