Iteration 0
Total times
1021965.546875
31432241.421875
359.296875
359.578125
0.6717190000000003
0.9372408390045166
Regrets
16479.442421176485
16479.428776560493
16521.60004047587
16521.60004047587
366846.4474000002
16479.32772724266
Iteration 1
Total times
518766.59375
17766973.1875
576.109375
574.390625
0.7342010000000001
0.9372398853302002
Regrets
53210.17114619265
53210.152183816135
53270.41500000004
53270.41500000004
372822.0409999999
53210.02873402667
Iteration 2
Total times
120545.46875
117614.09375
434.578125
436.265625
0.6405030000000002
0.9840891361236572
Regrets
23930.277364973408
23930.270936117264
24021.369999999995
24021.369999999995
369206.55749999976
23930.17630861166
Iteration 3
Total times
226531.671875
310088.015625
748.609375
808.359375
0.9314609999999998
1.4132449626922607
Regrets
54892.62499092604
54892.62133485284
54972.36199999997
54972.36199999997
376535.52550000005
54892.48968852184
Iteration 4
Total times
85132.46875
77909.734375
388.15625
381.984375
0.6404730000000003
1.0154247283935547
Regrets
14685.552724892485
14685.553180791234
14752.034999999974
14752.034999999974
367237.5523000003
14685.456226684168
Iteration 5
Total times
373892.078125
452134.65625
723.3125
690.78125
0.6963490000000007
1.0302081108093262
Regrets
64057.464654546944
64057.46519692795
64016.86199999998
64016.86199999998
377744.45850000024
64057.3324447146
Iteration 6
Total times
459129.125
470592.328125
529.03125
530.65625
0.7029650000000003
0.9685065746307373
Regrets
56371.889692066805
56371.84487576113
56484.996000000014
56484.996000000014
374019.6747
56371.747383997346
Iteration 8
Total times
440343.8125
289216.265625
533.984375
524.921875
0.7341630000000001
0.9372544288635254
Regrets
41299.856775508255
41299.84976620664
41265.69800000007
41265.69800000007
373914.2719999996
41299.731427369836
Iteration 10
Total times
257753.03125
345822.34375
498.828125
517.53125
0.8897800000000006
1.0433437824249268
Regrets
46615.99973379524
46615.98671811561
46639.97200000001
46639.97200000001
376078.85219999944
46615.877706883664
Iteration 11
Total times
278031.90625
241293.0625
535.9375
676.203125
0.8418099999999998
1.100593090057373
Regrets
44763.992304515436
44763.981093005386
44794.97599999996
44794.97599999996
373601.6859000003
44763.86618159518
Iteration 12
Total times
463863.828125
374981.09375
635.671875
636.578125
0.737414
1.0117862224578857
Regrets
46757.55187135353
46757.55645721691
46798.42799999998
46798.42799999998
374798.91719999973
46757.42324089644
Iteration 13
Total times
467300.421875
459982.046875
606.890625
657.3125
0.7029180000000002
1.1091516017913818
Regrets
48949.105206567714
48949.09121945478
48922.84999999999
48922.84999999999
376925.53650000005
48948.97079083294
Iteration 0
Total times
1282314.703125
1123761.234375
384.84375
377.796875
0.6320039999999999
0.9141402244567871
Regrets
16479.43454276744
16479.44089280199
16533.041
16533.041
366846.4474000002
16479.32772724266
Iteration 1
Total times
514846.296875
484603.328125
558.203125
555.4375
0.6787660000000001
0.9141049385070801
Regrets
53210.15887184171
53210.147330572625
53231.880000000056
53231.880000000056
372822.0409999999
53210.02873402667
