Iteration 1
Total times
6470.832375939
4348.8878680917005
10929.228751425597
9360.509267819934
6.435915000000013
Regrets
3277.183764865373
3277.1754153368547
2979.303046719297
2966.548222781633
34356.246499999994
Iteration 2
Total times
17367.392883281424
16628.13754888892
8221.274965545857
7269.523602524845
7.047874000000008
Regrets
3326.8065842542787
3326.8112259593718
2866.3652894204793
2885.3727827790403
34922.026200000066
Iteration 3
Total times
2204.3356696201195
1111.330781423656
2816.335958541858
3558.639794432375
6.205504000000003
Regrets
3548.6430960254
3548.6489314477317
3143.386564303394
3143.5394203203514
36383.52889999998
Iteration 4
Total times
16429.375559264136
11719.35004739629
3159.808954185749
3818.2643232078276
4.902764000000035
Regrets
3189.5571494345054
3189.5520417923026
2865.465416737289
2856.9727674475407
35876.817899999995
Iteration 5
Total times
46791.276066324186
53040.57826165806
4779.512765730422
5417.693457448629
5.05205100000004
Regrets
4529.020993774127
4529.019545760284
4148.86252472702
4131.654791962355
36570.04539999995
Iteration 6
Total times
42048.78750842944
43427.036620052226
5992.329894354341
6289.470424207633
5.0256150000000375
Regrets
9327.722722554387
9327.714573158977
8890.450822997405
8873.411196884981
36125.94490000002
Iteration 7
Total times
25623.107886498157
22937.593589246688
5203.4833879935995
8538.618321768761
5.080712000000034
Regrets
4523.392723689148
4523.392170645873
4119.634968695284
4088.5066647080926
35349.155200000045
Iteration 8
Total times
1626.8314787025856
573.4455341802995
229.10177816784926
203.87051038499612
5.147148000000041
Regrets
2533.409603188782
2533.4068718632816
2073.5518765865795
2072.973749321691
34752.177899999966
Iteration 9
Total times
1767.1482464101591
1193.9155025658565
2926.2887691463193
2952.7901805384918
5.113961000000035
Regrets
2397.9197023605097
2397.923748839108
2011.3299251937278
2011.3798772223338
36115.21449999996
Iteration 10
Total times
2869.3952230507593
2156.353518594922
4820.729357060039
4561.801084570625
5.122445000000044
Regrets
4839.185324043458
4839.178114166893
4403.4798280627365
4401.62519838202
36619.34839999998
Iteration 11
Total times
5068.976974072652
3766.203779702444
9810.740915999748
7646.590401699284
5.105536000000038
Regrets
3301.518801434977
3301.52250835719
2924.75651124562
2903.1328238120404
35903.81799999998
Iteration 12
Total times
2792.8581459327106
2356.2620436794396
3425.919505399318
3721.7472316444373
4.640055000000014
Regrets
3768.455025994039
3768.4391774267065
3330.666100394781
3340.9379202635096
36023.59950000001
Iteration 13
Total times
4623.785288194926
5125.040624803088
2866.370146880915
3505.3496659686543
4.658627000000019
Regrets
3537.648671102354
3537.647048604021
3105.623138238068
3102.7718124192406
37469.281800000055
