Iteration 10
Total times
496.26536239500206
364.14739244299847
21.3000234200003
22.31942276699985
4.8005650000000175
Regrets
1817.708232009657
1817.7082502897276
1338.5399999999997
1338.6219999999998
35335.57020000003
Iteration 11
Total times
1213.0878893050435
253.10077877801643
25.23648358999921
28.891252610999118
4.892744000000043
Regrets
1840.344152230403
1840.3440960623172
1376.0667308826867
1376.2622798935274
35177.41209999994
Iteration 12
Total times
458.0417153799788
166.2158294469773
23.335902334998195
24.12272721500068
4.872472000000039
Regrets
1666.0998037867475
1666.09976384377
1154.1114628488601
1154.1114628488601
35491.42109999998
Iteration 13
Total times
1274.8312123779656
714.6163948239604
23.82045465499573
26.45869944299568
4.90187700000004
Regrets
1798.5045816895617
1798.5047016064223
1296.450873831497
1296.478873831497
37113.995600000075
Iteration 14
Total times
290.36819399695764
73.63857986295125
22.347488808002254
23.933958089998782
4.859157000000032
Regrets
1787.6647038683627
1787.6648008930176
1277.3264767306962
1277.3264767306962
34488.84510000005
Iteration 15
Total times
629.8920401729652
396.1754324359172
22.887729523004168
27.456806924995817
4.8932090000000406
Regrets
1761.1085974394755
1761.10850432719
1266.8646875083687
1267.0738164580118
35588.53340000005
Iteration 16
Total times
455.6153453590722
112.64107133401524
43.38616304898153
47.57194130695666
4.855242000000037
Regrets
1808.751712227899
1808.7517344563273
1322.0387375596101
1322.369884313052
35945.779199999946
Iteration 17
Total times
652.8066466262758
176.28508360902356
39.758584866994624
40.43135251599256
4.892080000000036
Regrets
1769.1999074003552
1769.2000180194182
1262.6842642792355
1262.6842642792355
35107.70519999999
Iteration 18
Total times
367.4244217402411
367.51318527867807
22.856304959999534
29.781791348001207
4.8991120000000405
Regrets
1765.8193002948872
1765.8192763419029
1269.3464621137189
1269.5819978605339
36385.25439999998
Iteration 19
Total times
599.3590688419888
410.2296663546597
20.896677150004052
21.425975918001086
4.910357000000034
Regrets
1844.7059583726525
1844.7056048967327
1380.7650624389314
1380.7650624389314
34850.55510000003
