Iteration 0
Total times
172.24625078999927
177.10677036499678
22.626277993999622
23.339817709999537
4.865405000000035
Regrets
1697.7510407701022
1697.7510579994628
1186.704
1186.704
35823.0721
Iteration 1
Total times
353.4759977529976
626.8345601318638
31.950082172996417
32.92614463999794
4.892785000000034
Regrets
1766.8067622151702
1766.8067518173464
1262.5808663179403
1262.6108663179402
34457.71329999996
Iteration 2
Total times
498.04421947888426
688.3615106189692
27.056935481997982
28.967361674002916
4.906940000000037
Regrets
1767.976743753797
1767.9768510255392
1266.245773697858
1266.5789883126486
34605.776700000024
Iteration 3
Total times
389.7229636639167
248.46812070599407
46.86673309599837
48.18421907202162
4.889962000000039
Regrets
1741.9938240933416
1741.9937551903765
1235.4039916529339
1235.6772604182547
36587.23649999992
Iteration 4
Total times
6419.268330955863
6802.112203771529
23.356947010999875
25.449780920994385
4.9173520000000375
Regrets
1801.3600536491138
1801.3600649022842
1317.6410929562344
1318.590259917774
35633.674900000035
Iteration 5
Total times
153.62665456493016
82.87552497099136
21.369208015000936
22.018093496994993
4.894916000000037
Regrets
1808.5650647665925
1808.5649793267942
1320.6600000000003
1320.6600000000003
37080.94929999998
Iteration 6
Total times
357.1038651900727
252.91621076004344
20.92987672699894
21.5102013240039
4.905115000000039
Regrets
1734.6333109655063
1734.6333274150247
1224.6191929413862
1224.6191929413862
35217.664799999984
Iteration 7
Total times
1121.08434484122
1310.6831405454418
22.258845695999526
22.243018849004557
4.883762000000039
Regrets
1839.8621989092055
1839.8622755142942
1344.1724292474773
1344.1724292474773
34516.98840000002
Iteration 8
Total times
973.256382467029
634.0957315711219
24.701788832003103
26.697997601999532
4.922327000000042
Regrets
1824.8039301843664
1824.8039093081647
1360.9687133983932
1361.3054719860868
34178.702800000065
Iteration 9
Total times
744.2057464509303
512.5628400972198
25.166722170004505
27.296771288996524
4.90981100000004
Regrets
1823.3253032228408
1823.3253384303014
1329.2980000000002
1329.2980000000002
35053.38920000005
