Iteration 0
Total times
163.40769198100014
194.3382483210029
30.536775678999447
31.33527774699934
5.445570000000023
Regrets
1697.7510223931872
1697.7510579859763
1186.704
1186.704
35823.0721
Iteration 1
Total times
386.453175933025
829.394798453969
24.362742823001554
25.51791249999968
5.235404000000019
Regrets
1766.8067621840191
1766.806751855637
1262.7883185818998
1262.7883185818998
34457.71329999996
Iteration 2
Total times
570.0625551249702
793.4364893279205
40.30470197399637
49.49402784700453
6.425486000000005
Regrets
1767.976743720058
1767.9768466092164
1266.245773697858
1266.9533244338597
34605.776700000024
Iteration 3
Total times
414.0519340050472
317.97176757815976
56.58677666503604
65.83293359100026
5.57945200000002
Regrets
1741.993824119765
1741.993755176151
1235.323
1235.5957331669929
36587.23649999992
Iteration 4
Total times
7242.981611677785
12155.74277080255
31.891857098995956
37.65085721099547
5.52831500000002
Regrets
1801.360055936453
1801.3600802284368
1317.6410929562344
1318.2096002904093
35633.674900000035
Iteration 5
Total times
147.38982793494472
117.96729616803896
26.69925716599778
29.846561213000996
5.490815000000009
Regrets
1808.5650647662617
1808.5649793159964
1320.6600000000003
1320.6600000000003
37080.94929999998
Iteration 6
Total times
375.56792502302255
272.0346577910309
25.578153613004133
31.12003324299667
7.005238000000012
Regrets
1734.6333110200171
1734.633327364535
1224.6191929413862
1224.6191929413862
35217.664799999984
Iteration 7
Total times
1215.2282472893016
1713.439572801158
33.07255240301038
32.86807651000413
6.795571999999989
Regrets
1839.8621988848136
1839.862274218396
1344.1724292474773
1344.1724292474773
34516.98840000002
Iteration 8
Total times
1022.5788786318808
694.1672843453259
33.94080234601074
38.01016572800722
6.1803800000000075
Regrets
1824.80392461526
1824.8039089582453
1360.9687133983932
1361.3313684571447
34178.702800000065
Iteration 9
Total times
828.0281428411377
572.1446111163248
38.23704898801134
40.20879029201524
5.397927000000019
Regrets
1823.325303182073
1823.3253384102604
1329.2980000000002
1329.2980000000002
35053.38920000005
Iteration 10
Total times
414.01675656799745
340.6415281649946
21.66625995000014
23.57572378200132
4.769933000000031
Regrets
1817.7082320294658
1817.7082503063446
1338.5399999999997
1338.6219999999998
35335.57020000003
Iteration 11
Total times
1099.477545734048
232.0301183190237
28.92347278300005
35.7705253979974
4.847837000000039
Regrets
1840.3441508392052
1840.3440981732656
1376.0667308826867
1376.2622798935274
35177.41209999994
Iteration 12
Total times
405.78070999104693
151.73353486299857
25.313782948999176
26.632418476000908
4.831392000000024
Regrets
1666.0998038169403
1666.0997638375834
1154.1114628488601
1154.1114628488601
35491.42109999998
Iteration 13
Total times
1174.6321635389138
664.6541831217268
26.356744365997713
30.780203924000602
4.819268000000034
Regrets
1798.504581642695
1798.5047016308713
1296.450873831497
1296.478873831497
37113.995600000075
Iteration 14
Total times
244.681770871033
64.95484942399492
23.307625527000027
25.933344163000015
4.8249750000000375
Regrets
1787.6647038525027
1787.6648009337887
1277.3264767306962
1277.3264767306962
34488.84510000005
Iteration 15
Total times
555.5935077268323
370.3952961331254
24.424134367997112
33.08143507799491
4.918831000000041
Regrets
1761.1085974476564
1761.1085043231312
1266.8646875083687
1267.0738164580118
35588.53340000005
Iteration 16
Total times
393.18901287004746
100.8904345408979
64.69885348304763
71.98917275602128
4.914984000000044
Regrets
1808.7517122606978
1808.7517345191416
1322.0387375596101
1322.3698843135512
35945.779199999946
Iteration 17
Total times
549.1609035061467
163.3593864222555
57.05974151297892
58.06212157901746
4.800824000000031
Regrets
1769.1999182091229
1769.200017667326
1262.6842642792355
1262.6842642792355
35107.70519999999
Iteration 18
Total times
321.02333824674133
339.8736591569352
24.207363267998062
36.69428912902822
4.804212000000034
Regrets
1765.8193002802227
1765.8192740399304
1269.3464621137189
1269.5819978605339
36385.25439999998
Iteration 19
Total times
536.9015784941396
377.4751778345028
20.934567681998033
21.85292140801016
4.819208000000027
Regrets
1844.7059584108777
1844.7056049095659
1380.7650624389314
1380.7650624389314
34850.55510000003
