Iteration 10
Total times
9884.163971389024
11369.160799016894
4426.288271136154
3819.667979973109
4.829233000000031
Regrets
4768.06091678292
4768.060178004052
4327.2372253590165
4328.701657546535
36059.862699999976
Iteration 11
Total times
11383.743368139816
13042.764486041522
7183.99676876242
7556.395209429049
4.84882500000004
Regrets
5947.120183663913
5947.118232371039
5524.618281199834
5519.679062331242
35802.141299999945
Iteration 12
Total times
3621.808060856455
3162.361307956145
2336.6349629779284
2295.8007468573637
4.897042000000038
Regrets
4644.073121478827
4644.061138343089
4202.005150393864
4171.68567982275
36421.282500000045
Iteration 14
Total times
20763.855166124045
21080.64566210675
1981.0554108160175
3691.503267538294
4.866284000000026
Regrets
4337.892949815456
4337.896977497862
3917.322092702014
3898.5618570238253
35289.67049999993
Iteration 15
Total times
2648.4397530927417
1732.2905772804784
2192.2154717078365
2214.9766584824238
4.9324000000000385
Regrets
3452.3750352849297
3452.375710293828
2908.441072199039
2899.5999854419774
35373.47660000001
Iteration 16
Total times
19074.548929959034
20100.78871171904
6406.3785818581955
7092.475541475433
4.962603000000036
Regrets
6339.390076537583
6339.385220252518
5981.982066820861
5977.589015490865
37259.26969999996
Iteration 17
Total times
71283.4188810763
78381.85535451828
4464.28313326369
3759.762210509719
4.95973400000004
Regrets
9206.298849910214
9206.302923872941
8757.177373452027
8783.201797585427
36373.1152
