Iteration 1
Total times
5705.638970058051
4798.090982983961
3124.1761321158874
4607.907341408194
5.033594000000052
Regrets
4249.698236295849
4249.696308399544
3827.284315150776
3821.497237807406
34747.823400000016
Iteration 19
Total times
16464.910412750873
15692.536978893346
8258.697033420145
7501.320283939985
10.48942500000003
Regrets
3917.2614742560654
3917.265536028064
3503.9939456662255
3502.4494405700257
35361.72919999996
Iteration 3
Total times
182652.34438500716
148517.97431334364
9720.780407930037
9461.27158079684
10.891915000000013
Regrets
8740.000050085851
8739.992666730304
8252.432084631588
8267.327094118697
37291.996799999986
Iteration 20
Total times
25294.716012904028
21547.032560717573
12002.806059173598
12612.738180281674
9.912170000000039
Regrets
5980.7027026424175
5980.694935115419
5539.745914126731
5541.547217509038
33951.38050000003
Iteration 4
Total times
63139.429301904456
59712.56929459661
15516.476599701735
11096.699947976385
10.149495000000005
Regrets
3480.5346303176207
3480.5227962603462
3146.401360824825
3158.975576688388
35421.334300000046
Iteration 21
Total times
84262.48801980876
73344.82495132853
12216.704564564681
6952.418146414675
10.074159000000018
Regrets
6879.417053399591
6879.417970743312
6489.680017224621
6509.560671236567
34728.175999999985
Iteration 5
Total times
172862.08904553598
174110.02628918376
4292.185820387756
6806.079778135776
10.082287000000045
Regrets
8369.102137352276
8369.105682010353
8065.396302338105
8132.015576046221
37901.93619999997
Iteration 6
Total times
206996.6526005775
218832.27852218284
4876.178765215558
5050.00394050646
10.57596800000003
Regrets
9441.973970694722
9441.970659687613
8978.772360398354
8967.540754966776
36239.92180000001
Iteration 7
Total times
56165.428410895845
54285.30720118531
11733.014497303906
12032.901425328793
10.372659000000015
Regrets
7520.04009514111
7520.0367887659695
7142.925816390455
7142.348580426898
35296.919899999964
Iteration 8
Total times
4451.796100669391
3407.446286252278
10790.786412508249
5486.2655532594945
10.307308000000035
Regrets
4267.659752069764
4267.661117508883
3858.720154777302
3848.0259593193814
34667.54429999996
Iteration 23
Total times
8738.743410371108
8058.66768937586
4900.757394095137
5684.800876598393
4.828995000000038
Regrets
3774.0385715257
3774.037908385976
3323.033423136216
3317.2186188940386
35790.447500000024
Iteration 24
Total times
12999.74675266088
11564.484291942548
2269.012533285606
2086.988378811369
4.862122000000044
Regrets
4544.4943882430825
4544.489941051554
4110.255072838232
4119.1893743408145
34934.236199999956
Iteration 25
Total times
30928.662144405153
30939.41459436946
8627.854576173713
8660.580561038514
4.8498050000000354
Regrets
4142.368901326048
4142.362346495454
3701.4599732182123
3697.1109427503657
34954.484500000006
Iteration 26
Total times
104894.12765232105
94330.89296982207
6158.8127058245755
4835.334508574752
4.865076000000033
Regrets
6275.862273339979
6275.865743620314
5990.786814193267
5976.361549174937
34951.94050000003
