Iteration 11
Total times
10422.75
8632.890625
3430.265625
299.1875
58.583148000000044
Regrets
5708.551212009152
5708.551197104866
4619.771622806288
4609.174675577601
166351.2646923076
Iteration 12
Total times
5266.8125
1091.5
8378.828125
344.90625
60.741088999999974
Regrets
5919.186515794675
5919.186523593356
5195.799063153495
5193.677399759914
166245.09930769246
Iteration 20
Total times
7149.40625
1062.03125
3765.828125
271.28125
66.82769700000001
Regrets
5845.189335012615
5845.1893184413
4905.833735705944
4899.406130357949
167162.44246153784
Iteration 21
Total times
7122.328125
2971.375
3107.65625
429.765625
50.54606699999997
Regrets
6017.9931465819145
6017.99316433431
5231.1692800272
5226.735714999463
165912.43576923074
