Iteration 5
Total times
7473.184355603959
10246.311461312278
3631.1922701629514
330.5684217970079
80.088586
Regrets
5890.940949200714
5890.9409491301985
5095.613656793786
5088.287440117908
167833.3893846155
Iteration 0
Total times
57858.90096978481
25576.681610574436
8393.274681336003
784.8716006318755
122.01329799999839
Regrets
6025.30624412629
6025.306043824582
5366.276763219518
5355.332302424612
160586.25530769234
Iteration 6
Total times
21622.520714085604
5255.622408052799
7018.191964668296
445.84551225500036
80.18968800000006
Regrets
6014.02159251592
6014.021572255083
5214.036653602275
5195.1041405630895
163109.46038461538
