Iteration 5
Total times
6452.002550971943
8658.796794718659
3446.791765148916
309.87108900100793
78.24637900000039
Regrets
5890.94095477388
5890.940946510866
5095.613656793786
5088.287440117908
167833.3893846155
Iteration 0
Total times
35692.13129539595
6986.9350903088525
5169.934047502984
484.7337720469718
78.47704499999995
Regrets
6025.306245757038
6025.3060789424
5366.29674727204
5356.741954921956
160586.25530769234
Iteration 1
Total times
7295.898869524883
425.83128651399056
4125.534596768462
344.8000986780162
78.57995599999981
Regrets
5779.369083270804
5779.369068591578
4852.1772285047255
4846.570649327827
167470.00215384635
Iteration 6
Total times
20766.59355864063
5043.924879890878
6703.589353124764
418.92508861409897
78.14756899999989
Regrets
6014.021575069875
6014.021560625811
5214.12448005076
5195.420105098996
163109.46038461538
Iteration 2
Total times
53038.03056524714
41064.32325484047
6618.113649769599
636.846372341115
127.85868499999806
Regrets
5962.547853448552
5962.547883643134
5199.971268759283
5183.590530757026
167777.69015384608
Iteration 7
Total times
16348.371166969386
21722.797298458063
7043.165808036019
520.5396556209653
129.397942999998
Regrets
5892.724854283896
5892.724869585747
4919.861570273297
4920.597977213961
165317.9437692309
Iteration 10
Total times
27476.78746971609
33776.33577638584
9273.479541096734
684.5262230560174
128.63252499999794
Regrets
5937.026577300841
5937.026573815839
5017.339433135135
5012.784903216167
165565.37784615398
Iteration 15
Total times
21945.758988847916
18473.047466355943
11792.277562926334
758.7449260609401
193.3666320000024
Regrets
5896.597968631245
5896.597969213376
4943.255701657495
4932.735773549317
168340.2322307692
Iteration 8
Total times
23354.436084162713
6620.653736658494
7551.12549269113
641.4732449109579
128.55778199999776
Regrets
5909.632687339407
5909.6327304048755
4908.3474404066255
4903.306649966221
166684.75092307743
Iteration 3
Total times
144328.86218894811
1098871.834474239
8152.083771298547
698.4336771668059
127.88709499999796
Regrets
5896.714561909825
5896.71456835495
4930.4790725880985
4921.2568960778835
166846.53592307642
Iteration 11
Total times
20259.533534547387
18443.802893386775
6485.677198411913
599.7525898260174
128.9374789999979
Regrets
5708.551212009151
5708.551197100064
4619.771622806287
4609.1746755776
166351.2646923076
Iteration 9
Total times
55103.212447160724
43584.520229564034
9785.520341903892
597.1401901121608
128.75921999999798
Regrets
6035.121694708802
6035.121682856502
5262.166750985542
5252.280726495139
166166.12569230812
Iteration 4
Total times
32011.559718135784
12423.602340753874
9794.347566729357
740.7116853832376
127.39121299999846
Regrets
5968.892160250815
5968.892219946988
5100.152495139557
5091.753848923801
162869.5795384613
Iteration 12
Total times
12108.12434103065
2812.6379964909847
19395.247235810883
611.2899643450146
78.66415099999995
Regrets
5919.186515794675
5919.1865235933365
5195.799063153495
5193.263732103347
166245.09930769244
Iteration 16
Total times
44241.92746238632
13287.20730934944
17618.09650112613
839.3177354011787
169.90177000000094
Regrets
5867.140548548528
5867.140483635955
5081.481446335023
5073.62258880184
161855.50515384626
Iteration 13
Total times
305430.45901960623
30068.389813485515
5092.696953295686
368.14519678183933
78.65174699999999
Regrets
5936.81225529783
5936.812288711985
5011.445326474451
5010.569728671084
165509.42623076928
Iteration 14
Total times
51085.2341617184
38195.679531140806
8254.037283134421
591.4004184951555
134.99014399999885
Regrets
6010.162232643336
6010.162239310645
5157.82266925354
5148.618358493298
171361.94476923076
Iteration 17
Total times
47330.40410575485
70235.06380003715
12865.339671913403
832.9548330128891
190.50688100000121
Regrets
6008.397513971212
6008.397466247875
5238.4508009759675
5225.335487766024
167235.39215384552
Iteration 18
Total times
16538.15783664012
7158.413901324184
10059.437543884731
933.0202024868668
185.56596300000155
Regrets
5887.454218160881
5887.454223123404
5157.240884676616
5148.542364232885
162191.1389230772
Iteration 19
Total times
25970.64772734925
8671.259796746053
21744.331246318703
869.6775559755697
188.18975500000136
Regrets
5867.471860928613
5867.471830820583
4972.558836923094
4963.1659890982655
165597.86369230793
