Iteration 0
Total times
954827.0667151527
960760.7007609122
17.164450498999713
24.070488091993866
0.9233709999999864
1.197901725769043
Regrets
574.3230786304385
574.324233176744
579.6172907595619
579.8762907595619
370821.2199999998
574.3242131631687
Iteration 1
Total times
379513.4866335492
341885.3787187634
25.656779486038886
34.54077531298026
0.9342339999999857
1.2159373760223389
Regrets
646.8796458749598
646.8809268791123
645.7696863662146
646.7621036151162
366528.9555000001
646.8814521886275
Iteration 2
Total times
612591.5074101959
598771.5782781047
20.72729593099166
30.758576909011026
0.9314559999999857
1.223404884338379
Regrets
658.1323212851415
658.1294356251848
674.7658517199235
675.183697259758
365754.01829999994
658.1304802400394
Iteration 3
Total times
4205.762498856993
6677.0607332927375
15.284990743991784
35.17992715709852
0.9294209999999855
1.217268466949463
Regrets
594.7037679518077
594.7042800547339
593.9137985355496
595.553842727537
368238.07749999984
594.7021108811616
Iteration 4
Total times
15532.398251866616
16377.82579159195
44.255411565146005
61.58085878889733
0.9449169999999867
1.2413437366485596
Regrets
788.0215790781257
788.0208504335701
814.4194514859921
816.0143151085733
368351.3307000002
788.023110080865
Iteration 5
Total times
102701.03529859305
105739.9190645144
67.75754786993048
77.34287193630689
0.9386359999999863
1.213379144668579
Regrets
790.3824444856418
790.3811213540229
806.0280000000008
806.4510000000007
367415.18250000005
790.3818048327354
Iteration 6
Total times
1011270.8254486944
969600.5102107389
23.328867639924283
36.393704441909904
0.9373199999999865
1.2230219841003418
Regrets
575.5680723423075
575.5677230150678
590.9689999999982
592.3608794139582
367339.98050000006
575.5683174372941
Iteration 7
Total times
2032363.8252655903
2002080.1447875036
89.44737090650051
101.82437242057495
0.9726219999999871
1.2288503646850586
Regrets
859.6758837545934
859.6775485866697
893.0243304727567
893.9396025160503
368177.5281999996
859.6753772754317
Iteration 8
Total times
326490.4942778399
317995.0307856002
19.323202364861572
70.70424956229635
0.9450259999999865
1.2083191871643066
Regrets
829.7478219761091
829.7472696463325
827.4089999999989
828.0957745191737
367734.03819999984
829.7453512362786
Iteration 9
Total times
104254.06254474029
105601.96156093969
14.888370491005844
33.38502526011507
0.9575119999999864
1.2158184051513672
Regrets
801.0417316113729
801.0380727218222
814.7980000000007
815.6230000000005
368989.6096000002
801.0396998365892
