Iteration 1
Total times
866765.3555268813
870831.6245499655
69.03897722301679
442.05736926004533
5.711810000000145
6.514691114425659
Regrets
2014.2772108610384
2014.2763809008984
2031.8012968793369
2056.656874457751
3099173.725076928
2014.2779888830055
Iteration 2
Total times
180989.95867342412
191896.22704731638
70.64538708602595
404.11857086203054
5.690855000000111
6.578307628631592
Regrets
2603.131696081949
2603.130793909484
2608.6280000000206
2634.769118323229
3086906.915384621
2603.1319922893404
Iteration 3
Total times
63139.222352094956
59192.183032197136
53.46041549308529
606.6776220228344
5.710607000000119
6.559112787246704
Regrets
2059.840025900668
2059.8399698399107
2065.62077949421
2092.298997091298
3091961.3616923033
2059.8398107705807
Iteration 4
Total times
404752.96824966156
409758.68117592635
51.06993162798017
762.0871670817369
5.7373910000001125
6.582467079162598
Regrets
2278.993612407043
2278.9928565803693
2280.8601323423313
2309.807117832549
3094175.707384611
2278.992524898375
Iteration 5
Total times
279670524.9244159
281026818.93215996
107.45201306397212
504.80817067960015
5.8481300000001255
6.8450586795806885
Regrets
2309.2591687970853
2309.259625683895
2292.5539999999987
2323.2974454917094
3094909.09838461
2309.259003846921
Iteration 6
Total times
1462548.2068281139
1487201.6214082642
55.442168364839745
644.2136661728437
5.96802900000011
6.8998353481292725
Regrets
2511.2570578398945
2511.257182589764
2506.7100000000073
2538.5467577062313
3101994.540692309
2511.2587395275723
Iteration 7
Total times
204866.35408059903
257720.12387279933
54.4667520406947
610.6303641876293
5.813494000000131
6.845698595046997
Regrets
2019.0026169836074
2019.0034640210206
2014.6111201583117
2047.6080949300622
3087206.3219999997
2019.0014063436101
Iteration 8
Total times
85936.58671427399
87772.02780093165
51.78308952096995
529.1217695694359
5.854546000000131
6.861256122589111
Regrets
2145.572554279565
2145.5721219940556
2136.5882685480333
2169.9352361479428
3100701.378230773
2145.571814638013
Iteration 9
Total times
1206866.429970452
1205182.382188647
56.90060250167153
647.9594931035608
5.839528000000134
6.808951139450073
Regrets
2661.6138461971404
2661.613824063224
2661.5871214461067
2691.6221254780867
3089168.8449999974
2661.612235976765
