Iteration 0
Total times
1569686.9893275644
1508534.7705488733
460.084398924349
272.01653312900316
0.9620559999999833
1.3332958221435547
Regrets
16479.44895434519
16479.436185132636
16517.96399999998
16553.218000000004
366846.4474000002
16479.32772724267
Iteration 10
Total times
437093.97458536574
487279.78952452523
425.7631114071369
352.338633998188
0.9668149999999831
1.3333232402801514
Regrets
46615.99889100426
46615.98026771904
46694.62699999996
46682.27900000007
376078.8521999995
46615.877706883664
Iteration 15
Total times
441063.5944145026
434983.3121659995
490.4053700672912
367.24726402024726
0.9486129999999849
1.3304717540740967
Regrets
37642.518811308626
37642.5427867371
37637.52799999997
37763.86299999998
367840.3859999996
37642.46207992361
Iteration 5
Total times
520812.3145911159
556902.8974583934
575.1747946428131
491.46594210763396
0.9421929999999855
1.3324034214019775
Regrets
64057.45480123799
64057.50081826886
64024.53771506713
64107.57500000004
377744.4585000002
64057.332444714615
Iteration 11
Total times
492422.5073207223
509023.7523366435
462.50821452198124
353.0285088257033
0.9627479999999854
1.3681018352508545
Regrets
44763.987543659125
44763.99082444767
44785.784
44882.680000000015
373601.6859000003
44763.866181595164
Iteration 1
Total times
910522.5252840762
888081.076509464
533.5443492511477
448.48424691550827
0.9802899999999841
1.4028332233428955
Regrets
53210.162873836496
53210.179805309446
53352.085999999974
53251.808999999914
372822.04099999997
53210.02873402668
Iteration 16
Total times
5706096.521652566
5697763.431656303
443.42619947772346
393.96708698257316
0.9616889999999862
1.3718359470367432
Regrets
41618.46307736076
41618.44869398686
41679.067
41717.263
375864.2552
41618.32700475024
Iteration 6
Total times
730878.8319904169
1083415.5984617884
579.8281503015533
410.6836331391896
0.9545979999999852
1.3856227397918701
Regrets
56371.884700521085
56371.856576089354
56384.637000000075
56422.54999999994
374019.6747
56371.747383997325
Iteration 2
Total times
217136.99284761184
222753.59232790576
445.54165552848826
336.38861914576773
0.9821879999999847
1.3775551319122314
Regrets
23930.275087385748
23930.26838967795
24013.66599999995
24038.73199999998
369206.5574999997
23930.17630861165
Iteration 12
Total times
759027.1359930711
713273.310368562
640.9004062757504
422.754089050537
0.9621469999999849
1.361748456954956
Regrets
46757.55851795178
46757.56147455623
46792.910000000025
46796.63199999998
374798.9171999998
46757.423240896445
Iteration 17
Total times
802462.9114938413
657327.6930105649
583.0871692970359
466.3855711248816
0.9613439999999861
1.3703415393829346
Regrets
51117.214339614125
51117.24523682938
51138.132
51100.45799999995
376257.3822000001
51117.1187614795
Iteration 3
Total times
397631.49231778365
480970.2289461497
654.2081697124049
435.03235835440137
0.9823329999999847
1.4056308269500732
Regrets
54892.61956120926
54892.633051520716
54922.903
54932.320999999945
376535.52550000005
54892.489688521855
Iteration 13
Total times
930236.72868693
793642.5753710046
553.5983675487423
489.0256924964506
0.9628549999999847
1.364410161972046
Regrets
48949.09271952003
48949.09875920166
48953.48699999997
48964.23100000005
376925.5365000001
48948.970790832944
Iteration 4
Total times
114447.39819425215
115777.91172052266
413.3960020265331
287.9905550944168
0.9785359999999849
1.3771600723266602
Regrets
14685.561805650881
14685.541690603526
14791.190000000008
14751.257999999987
367237.5523000003
14685.456226684166
Iteration 18
Total times
914408.4606687917
954150.5700453343
499.5703357401162
383.16032404573525
0.9628449999999862
1.3729972839355469
Regrets
40721.95311780008
40721.96650963476
40766.95299999998
40782.72199999997
369519.04359999974
40721.86143469118
Iteration 14
Total times
292682.92028947186
292250.8976666039
493.56686314750914
331.7299421552816
0.9603379999999846
1.3547782897949219
Regrets
32213.15999233511
32213.108239140638
32243.17544755285
32245.023000000027
367666.51949999976
32213.018367959834
Iteration 7
Total times
11329721.920781966
12094882.981537491
603.1445479659087
524.1391460860141
0.9503649999999857
1.3713724613189697
Regrets
54281.1244335582
54281.119966791826
54282.19500000001
54299.31899999997
372815.2215
54280.9987261034
Iteration 19
Total times
1586378.9931778212
1599000.764286473
421.1306795993696
312.08168732901686
0.9603649999999853
1.3707711696624756
Regrets
25201.02751154481
25201.0126922399
25233.837999999978
25257.911999999997
369013.86770000006
25200.92036862147
Iteration 8
Total times
812273.3081573393
485948.51919222914
468.7010878518922
407.98518246166714
0.9563999999999852
1.3731882572174072
Regrets
41299.844331516455
41299.83898853899
41293.348999999966
41363.81499999997
373914.2719999996
41299.73142736985
Iteration 9
Total times
1891362.1128932447
2065891.6765310206
613.0422497081199
528.6206676772381
0.9530909999999861
1.4124181270599365
Regrets
77588.78203651115
77588.77680649131
77529.33799999997
77676.20599999998
381298.3571999999
77588.64660821995
