Iteration 15
Total times
12197.192783007977
6225.19198875298
192.5660169719983
38.43518064499119
0.9342569999999843
1.2000336647033691
Regrets
657.2225187009099
657.2221943718552
657.6156793741868
656.9616505005832
364462.35040000046
657.2216999928827
Iteration 10
Total times
25979.28809853209
18827.514599077076
176.42329890401174
34.3437666710023
0.9387939999999861
1.2004783153533936
Regrets
797.8331191046667
797.8310035611856
798.3424763107795
786.897046390118
369187.77850000036
797.830772795489
Iteration 5
Total times
117198.80698935708
117191.23131389379
210.40350710699212
46.01572009401764
0.9495039999999856
1.2188334465026855
Regrets
790.3822847244021
790.3826025144044
810.7986319187112
806.4510000000007
367415.18250000005
790.3818048327354
Iteration 16
Total times
71415.5455387524
64940.39352180042
211.24451166902094
41.94439294000625
0.9517219999999851
1.2366433143615723
Regrets
793.2013171020598
793.2014254107854
807.778328981744
802.9100336504362
367978.0498999999
793.1988724316875
Iteration 17
Total times
26315.511691691703
30390.068086930936
170.64970566498027
24.010147679005286
0.9586429999999858
1.2265989780426025
Regrets
700.2876321621559
700.28634732322
698.8481000676802
701.3749976533828
366799.42189999984
700.2860138603428
Iteration 18
Total times
75369.10702338659
76274.16346937511
178.6190605349659
27.521130790000598
0.9610559999999853
1.2572822570800781
Regrets
649.7207580169974
649.7223684186172
634.9922977462668
642.1739543632126
364132.5080999998
649.7206822887753
Iteration 0
Total times
1359257.7486312403
1389731.4277048674
220.46281171110968
17.429886548024115
0.9387139999999858
1.208219289779663
Regrets
574.3230048609547
574.3224303372293
582.2149728619646
579.8762907595619
370821.2199999998
574.3242131631687
Iteration 19
Total times
69019.6161188543
76320.49297494875
197.0796029659523
22.89842213902125
0.9677439999999854
1.232276201248169
Regrets
885.654614880532
885.6566310448882
925.0426197430135
920.5128037614168
364042.71340000065
885.6555246491798
Iteration 6
Total times
1580476.5718288042
1543599.756513968
209.26588228896435
24.37086250898392
0.9791629999999856
1.262679100036621
Regrets
575.5684644995243
575.5682479118487
599.8219711766991
592.5363878041449
367339.98050000006
575.5683174372941
Iteration 1
Total times
545484.2995423063
444865.96814144455
177.26435010686419
20.470200926992675
0.9676109999999861
1.2642085552215576
Regrets
646.8799122396593
646.8809509823204
650.6341651874424
649.1383066323763
366528.9555000001
646.8814521886275
Iteration 11
Total times
3360079.531185494
3417371.5907753
173.68253385007938
27.67657611298273
0.9660939999999868
1.2353119850158691
Regrets
889.618436427152
889.6208739636136
871.394727863238
871.6693276436446
367974.7419
889.6208543658978
Iteration 12
Total times
102616.7736895466
109749.42920744115
277.8926087651603
22.565188600972306
0.9644189999999865
1.245067834854126
Regrets
492.71218070283396
492.7124724178277
520.2763682894328
513.142394374678
366556.6731000002
492.71444813177345
Iteration 13
Total times
7196.147200089228
5734.068272058859
167.56507605126762
24.59043607500962
0.9618949999999865
1.227159023284912
Regrets
722.5046641447677
722.5060873394451
734.179070665018
731.1032335034054
367744.9825000001
722.5050769095093
Iteration 2
Total times
904095.1499870506
892179.0278420555
192.4185397987635
20.309503227034384
0.9575699999999857
1.2572996616363525
Regrets
658.132275371229
658.1297448720278
680.7725904767053
675.5869138068622
365754.01829999994
658.1304802400394
Iteration 14
Total times
13987.481836208495
8946.47315173276
264.59800993524914
27.237338632924548
0.9687789999999868
1.235246181488037
Regrets
751.4844633844451
751.4853946055869
747.6931352122607
751.1633079019683
364139.26609999983
751.4841546863221
Iteration 3
Total times
5203.083551635331
8835.205667174205
224.0130364782035
24.155275494098078
0.9639559999999865
1.2616820335388184
Regrets
594.7036495375207
594.705512097031
593.8655501687267
595.553842727537
368238.07749999984
594.7021108811616
Iteration 4
Total times
21341.008713568972
20761.066315069307
230.24026838296322
40.01011536195392
0.9610599999999866
1.2651910781860352
Regrets
788.0226849891379
788.0212555087072
828.0947235520806
815.8874095592606
368351.3307000002
788.023110080865
Iteration 7
Total times
3615590.0917610633
3562401.295555699
197.12524030993427
61.46308726115285
0.9741849999999842
1.264390468597412
Regrets
859.6761584190875
859.6757564234447
899.6170858634167
894.783902354173
368177.5281999996
859.6753772754317
Iteration 8
Total times
431638.2160521566
421038.2077023509
262.65634330282774
42.06472844486234
0.976145999999985
1.266125202178955
Regrets
829.7477257461171
829.7465249756954
825.5166165693449
828.2789990613509
367734.03819999984
829.7453512362786
Iteration 9
Total times
134820.297665372
117594.96438923769
199.04367910130713
22.321450062017902
0.9788629999999857
1.2422349452972412
Regrets
801.0415016326771
801.0388217118164
819.2194338092814
815.6230000000005
368989.6096000002
801.0396998365892
