Iteration 0
Total times
1114611.5872086515
1087977.9260063616
648.7220596811733
645.4616187297268
0.9466259999999863
1.2697265148162842
Regrets
15359.38044511036
15359.34376619312
15391.203999999994
15391.203999999994
371453.53589999984
15359.246178230427
Iteration 1
Total times
243850.96665977285
210495.84626451103
720.8978456612294
719.4557827559852
0.9235039999999839
1.286778211593628
Regrets
25536.30666958455
25536.299702208024
25542.92199999998
25542.92199999998
368651.5147999999
25536.16105751618
Iteration 2
Total times
372628.13826249656
375386.9410419321
643.4469570928914
637.0008928893649
0.9414679999999849
1.267164707183838
Regrets
7355.905517844268
7355.896866583218
7412.601713139875
7412.601713139875
368119.69080000004
7355.812336231486
Iteration 3
Total times
66720.99619211024
69216.93586567987
622.098502867535
619.6576453498865
0.9464709999999843
1.3021817207336426
Regrets
23374.285302031072
23374.289645794386
23410.589000000014
23410.589000000014
373303.12750000006
23374.166576729807
Iteration 4
Total times
59228.8921568948
58057.33636100693
790.949162310595
737.4033354500998
0.9391949999999846
1.284149169921875
Regrets
7757.794280488272
7757.797054087973
7770.112513172624
7785.353584964932
369180.10270000045
7757.697499454007
Iteration 5
Total times
259256.67019814946
263325.8451971544
732.434972483521
732.2921124592995
0.9638789999999859
1.3281629085540771
Regrets
28863.311689674178
28863.30468969687
28995.847999999973
28995.847999999973
371233.8630000001
28863.17855155045
Iteration 6
Total times
2428991.59047285
2468496.680470706
710.0001047140722
706.0965435014496
0.9628429999999855
1.3283336162567139
Regrets
50943.93545058554
50943.904746772554
50926.618
50926.618
376551.77609999926
50943.7300892775
Iteration 7
Total times
1196967.7647764357
1194403.5980233562
816.9742686502468
784.2777545699028
0.9666409999999859
1.3173983097076416
Regrets
19012.97263420414
19012.936016552947
19077.538561574198
19095.707561574207
371133.07360000076
19012.818176620054
Iteration 8
Total times
636121.6003588988
646257.4931832373
905.5206461734215
903.67397391351
0.9694099999999868
1.3154511451721191
Regrets
21858.927458993065
21858.899330884
21885.51261329951
21885.51261329951
372950.2148
21858.786822793096
Iteration 9
Total times
344566.77856344264
157658.0519520993
736.7657491711325
737.1114182628771
0.9649109999999858
1.3139235973358154
Regrets
30770.51523196078
30770.50752833735
30820.49299999997
30820.49299999997
369377.6008
30770.351624610445
