Iteration 10
Total times
124752.56485580858
101542.73599673531
599.6715877309507
596.6608149912129
0.9034979999999847
1.2296292781829834
Regrets
41276.99094113829
41276.97846740871
41276.071000000025
41276.071000000025
376904.6547999999
41276.82776162657
Iteration 11
Total times
2601875.226862181
2560284.6780288685
503.49879578239825
501.7064357189229
0.9502709999999858
1.323096752166748
Regrets
15863.791028314216
15863.790794050745
15883.162999999999
15883.162999999999
370743.88139999955
15863.67738668206
Iteration 12
Total times
109659.35989174803
87286.29104852573
762.52106831524
764.1060580537778
0.9650519999999868
1.3439674377441406
Regrets
26870.761411419582
26870.762028253146
26997.395217039364
26997.395217039364
372456.89709999977
26870.643616307098
Iteration 13
Total times
181678.0989306565
271419.74053272477
780.3048395281821
774.8775668861135
0.9516879999999863
1.341951847076416
Regrets
49256.069148771756
49256.07316041162
49293.556999999986
49293.556999999986
375428.5974999999
49255.91768245231
Iteration 14
Total times
88259.0074403137
87393.75417224778
580.2248376796479
563.335399633047
0.912391999999985
1.2882976531982422
Regrets
21202.75861037512
21202.771490014737
21252.595166258143
21252.595166258143
369460.4921999999
21202.640889983417
Iteration 15
Total times
87782.15130427157
139427.40096542652
625.7422880120575
623.4172573643591
1.008915999999988
1.4515862464904785
Regrets
15783.188442422628
15783.196654103307
15826.758000000022
15826.758000000022
369065.8469999996
15783.061968548143
Iteration 16
Total times
1906151.115667113
1909644.1218767364
755.5755726521475
743.2934579527991
1.011873999999988
1.453106164932251
Regrets
32486.243261769174
32486.25740642465
32618.690000000024
32618.690000000024
373662.21729999996
32486.085205680316
Iteration 17
Total times
119356.13372321373
116936.65384733323
721.2474629338521
716.3009684802164
0.9974119999999882
1.4191069602966309
Regrets
23103.234360313334
23103.2361856222
23162.215
23162.215
371732.4762000001
23103.119134240602
Iteration 18
Total times
466994.94304312585
473099.3636114017
795.7633301582537
793.5239193460184
1.0336199999999893
1.52598237991333
Regrets
18081.106470326573
18081.09733650885
18130.006000000027
18130.006000000027
368339.3801999997
18080.978076068128
Iteration 19
Total times
1821259.6300103408
1814384.2045321816
642.2912306913167
637.7536048239126
1.0342069999999894
1.546424388885498
Regrets
13155.298170692646
13155.267721258713
13272.980716543781
13272.980716543781
366706.5526999995
13155.184130870388
