Iteration 0
Total times
1599731.1503101408
1528600.142575272
271.8414512071954
270.93202953585796
0.9410259999999852
1.3186004161834717
Regrets
16479.44895434519
16479.436185132636
16553.218000000004
16553.218000000004
366846.4474000002
16479.32772724267
Iteration 1
Total times
929616.6631146536
908825.676113875
449.89677479163856
448.9314960559723
0.9570989999999868
1.383594274520874
Regrets
53210.162873836496
53210.179805309446
53251.808999999914
53251.808999999914
372822.04099999997
53210.02873402668
Iteration 2
Total times
220892.08693296532
226159.98982150218
337.4067149777784
336.70427791011025
0.9675649999999874
1.3730928897857666
Regrets
23930.275087385748
23930.26838967795
24038.73199999998
24038.73199999998
369206.5574999997
23930.17630861165
Iteration 3
Total times
403995.55857664946
485336.652190241
433.15545507602656
431.7817316433011
0.9521279999999859
1.3782994747161865
Regrets
54892.61956120926
54892.633051520716
54932.320999999945
54932.320999999945
376535.52550000005
54892.489688521855
Iteration 4
Total times
115547.50070319833
116732.33922023534
287.4242513034078
287.041936566844
0.9584899999999867
1.3669650554656982
Regrets
14685.561805650881
14685.541690603526
14751.257999999987
14751.257999999987
367237.5523000003
14685.456226684166
Iteration 5
Total times
552110.472155764
592551.3352950765
509.9827018406977
509.6165350797055
0.9651059999999871
1.3765263557434082
Regrets
64057.45480123799
64057.50081826886
64107.57500000004
64107.57500000004
377744.4585000002
64057.332444714615
Iteration 6
Total times
727725.0782619475
1079062.5211210088
414.2034420893615
413.1229662663827
0.9694229999999864
1.3751332759857178
Regrets
56371.884700521085
56371.856576089354
56422.54999999994
56422.54999999994
374019.6747
56371.747383997325
Iteration 7
Total times
11604533.668933965
12371590.363731794
529.8303888142254
529.5085438452952
0.982530999999987
1.3904128074645996
Regrets
54281.1244335582
54281.119966791826
54299.31899999997
54299.31899999997
372815.2215
54280.9987261034
Iteration 8
Total times
814630.9582081714
485119.02206599293
412.8974953423749
411.4311600077708
0.9668979999999865
1.3738133907318115
Regrets
41299.844331516455
41299.83898853899
41363.81499999997
41363.81499999997
373914.2719999996
41299.73142736985
Iteration 9
Total times
1938582.3638982675
2066882.4325752547
531.5400605397444
530.7215705773269
0.968601999999987
1.3800568580627441
Regrets
77588.78203651115
77588.77680649131
77676.20599999998
77676.20599999998
381298.3571999999
77588.64660821995
