Iteration 10
Total times
435650.16870132816
484971.7252193584
348.5565354696296
348.34995472697346
0.9287009999999836
1.298285722732544
Regrets
46615.99889100426
46615.98026771904
46682.27900000007
46682.27900000007
376078.8521999995
46615.877706883664
Iteration 11
Total times
491331.68051803735
508359.89605256246
352.7348102812575
351.212511369652
0.9542929999999851
1.3601655960083008
Regrets
44763.987543659125
44763.99082444767
44882.680000000015
44882.680000000015
373601.6859000003
44763.866181595164
Iteration 12
Total times
755116.6491674527
710571.2429991539
421.89639165691005
420.5492028731096
0.9436489999999854
1.3551435470581055
Regrets
46757.55851795178
46757.56147455623
46796.63199999998
46796.63199999998
374798.9171999998
46757.423240896445
Iteration 13
Total times
924418.3981676553
786525.584846366
488.01611987010074
486.73396715287345
0.9512039999999851
1.3571093082427979
Regrets
48949.09271952003
48949.09875920166
48964.23100000005
48964.23100000005
376925.5365000001
48948.970790832944
Iteration 14
Total times
292219.2553370676
291533.4587252928
332.25878189639116
330.871816407569
0.9435729999999855
1.3415040969848633
Regrets
32213.15999233511
32213.108239140638
32245.023000000027
32245.023000000027
367666.51949999976
32213.018367959834
Iteration 15
Total times
460461.30458994093
451871.8178867115
372.4239645786183
371.5999734095749
0.9466209999999852
1.3568446636199951
Regrets
37642.518811308626
37642.5427867371
37763.86299999998
37763.86299999998
367840.3859999996
37642.46207992361
Iteration 16
Total times
5593240.632753433
5590942.849325688
386.5515177761372
385.3772758261912
0.9485609999999849
1.357050895690918
Regrets
41618.46307736076
41618.44869398686
41717.263
41717.263
375864.2552
41618.32700475024
Iteration 17
Total times
783943.0963002725
641247.0906411558
456.82477445524273
455.90980243144077
0.9531149999999857
1.3553466796875
Regrets
51117.214339614125
51117.24523682938
51100.45799999995
51100.45799999995
376257.3822000001
51117.1187614795
Iteration 18
Total times
893181.6373797617
925036.2491290016
376.85728769870184
375.7087323540327
0.9454819999999853
1.3515598773956299
Regrets
40721.95311780008
40721.96650963476
40782.72199999997
40782.72199999997
369519.04359999974
40721.86143469118
Iteration 19
Total times
1565315.1964456823
1574088.1052958735
307.3911674832125
306.2487860108449
0.9509449999999856
1.3536224365234375
Regrets
25201.02751154481
25201.0126922399
25257.911999999997
25257.911999999997
369013.86770000006
25200.92036862147
