Iteration 0
Total times
136017.72179677556
101831.42633023369
32603.242014529555
23095.031401519413
120.71308199999828
Regrets
10667.167075080799
10667.164640820309
10097.327115730173
10052.80191533729
163802.68176923058
Iteration 15
Total times
31294.977043269057
15725.2917404024
10517.96653056574
9774.954135808937
58.99459299999938
Regrets
8966.946728475983
8966.941744336853
8048.271871015349
8042.486265185915
170219.88253846133
Iteration 5
Total times
1468896.4041239456
1037981.4372442608
12997.53349363488
8982.168367167715
80.87301100000016
Regrets
15824.72970076993
15824.72682531171
15274.033657691665
15385.381841123624
168824.4117692306
Iteration 1
Total times
58741.28270121003
43382.557312728095
29782.53415595229
18830.738389829487
120.83334499999893
Regrets
8053.656097733144
8053.658283045162
7156.364380441797
7153.893741855347
168351.68953846127
Iteration 10
Total times
263657.62556515884
240256.556279319
33510.08496973875
11848.07929848661
79.64236799999999
Regrets
12873.805321599046
12873.802635213851
12225.353834132111
12291.091063518747
165085.42053846168
Iteration 6
Total times
103088.19599168637
78407.80135855556
14379.756276091615
13115.785260610679
80.7084310000002
Regrets
8621.503159712885
8621.493609925505
8082.728603634449
8049.53673317764
164943.33338461534
Iteration 16
Total times
384427.87335330783
429192.0361844633
35884.59773739098
32784.48314282186
59.16165199999921
Regrets
14509.098711976521
14509.083693893032
14255.288248487017
14351.434021242858
162558.12469230805
Iteration 7
Total times
111020.67989861578
141233.07852736753
20326.802758692535
19498.757885625597
81.93769199999988
Regrets
12662.528103181177
12662.5251396743
11805.070422738852
11750.672643164857
166308.3089999997
Iteration 17
Total times
832871.4501639154
783847.9088985424
18561.325987356773
8561.5175861715
62.88708899999927
Regrets
26275.48604704231
26275.467537182758
25889.555928450704
26023.7701479911
167158.2106923076
Iteration 8
Total times
385738.81452000374
419621.21872822003
153661.77231189632
55642.66105669201
127.93485499999966
Regrets
16244.610740544304
16244.601824403595
15453.225133801043
15597.230252088306
168300.69607692253
Iteration 2
Total times
2485822.7472807537
2385931.7261261214
50284.259725609445
29921.64685307182
123.50378799999955
Regrets
22047.20936325876
22047.19864561346
21525.942626311436
21476.652881188165
167123.99761538464
Iteration 11
Total times
1900418.3116491882
2962605.8373593027
73996.1586708221
42737.56096151033
188.8850780000015
Regrets
15756.835625196263
15756.846250786772
14901.680664638767
14800.86918722764
167044.83923076908
Iteration 18
Total times
2805487.5285090227
2347896.740144633
17945.146935268473
17073.75585768929
62.64846399999927
Regrets
31722.858588163148
31722.85087024593
31402.3647724968
31252.772629094805
167036.86900000018
Iteration 19
Total times
107984.03215506393
89442.3422850837
36248.9284628389
23509.15155178198
62.615128999999364
Regrets
12706.198377722108
12706.203699513695
12036.008573972977
11981.359651438524
167605.4023076921
Iteration 3
Total times
441349.51709118806
205512.3483612597
75495.45807309322
26222.41564701467
122.71419699999882
Regrets
12833.052155321127
12833.036301036682
11837.091809072002
11791.981573503894
167054.28215384617
Iteration 4
Total times
38905.346675421126
19123.973021474245
50584.32156430527
15416.224095892743
120.81265499999814
Regrets
7519.885242968283
7519.876476507099
6696.069870383297
6670.4162000741235
165557.26515384612
Iteration 9
Total times
3089792.9962465833
2410630.240160893
19976.73264609804
57224.82905521653
82.73398500000026
Regrets
28681.911869254338
28681.911063241314
28352.51117563861
28569.424897483856
167388.35107692287
Iteration 12
Total times
2108092.075615131
1907586.192440735
73632.84550363259
28708.317605005315
197.08333400000177
Regrets
24273.204656832986
24273.18350493874
23855.77539796987
23881.912265707608
164915.41130769227
Iteration 13
Total times
11987227.512106257
11394263.741042072
37750.205144906766
37031.9146845215
171.23042000000038
Regrets
23073.901506228878
23073.901728897894
22419.039335691625
22738.97175270754
169151.23561538494
Iteration 14
Total times
177641.18207795595
88214.91197853719
9517.15767000182
3698.0600684395467
81.52628199999977
Regrets
10072.855254801792
10072.845563518602
9374.243246551214
9330.02388748913
171174.16407692322
