Iteration 0
Total times
14.59375
15.328125
0.90625
1.109375
0.573639
Regrets
1317.9361199534826
1317.9360648455222
1318.1299999999999
1318.1299999999999
3945.0037999999986
Iteration 0
Total times
15.78125
14.078125
0.875
0.859375
0.803778
Regrets
1317.9361199534826
1317.9360648455222
1318.1299999999999
1318.1299999999999
3945.0037999999986
Iteration 0
Total times
7.859375
8.46875
0.5625
0.625
0.48201099999999997
Regrets
1317.9361199534826
1317.9360648455222
1318.1299999999999
1318.1299999999999
3945.0037999999986
Iteration 0
Total times
16.90625
16.0625
1.15625
1.28125
0.49978000000000006
Regrets
1317.9361199534826
1317.9360648455222
1318.1299999999999
1318.1299999999999
3945.0037999999986
