Iteration 15
Total times
1968321.1504520434
1812634.1738804542
1712.7754155360926
1045.8531212479502
5.064733000000015
6.141139268875122
Regrets
237729.01354644055
237729.01588588647
237718.45599999986
237724.06499999974
3138382.794153846
237728.9960528767
Iteration 15
Total times
2217768.4845903777
2052258.2320896627
2007.7217465428766
1175.8537007494815
5.883801000000115
7.284368991851807
Regrets
237729.0129704813
237729.01129022537
237657.01100000017
237776.95199999987
3138382.794153846
237728.99605287684
Iteration 15
Total times
2443192.793848122
2260927.7559862006
2151.3761477605112
1265.2895861139223
6.344775000000086
7.72790002822876
Regrets
237729.0129704813
237729.01129022537
237657.01100000017
237776.95199999987
3138382.794153846
237728.99605287684
Iteration 16
Total times
1010056.4239992809
903965.3056089942
1719.75118146131
942.6164831376809
5.270996000000034
6.970603704452515
Regrets
191069.40590432644
191069.40591474102
191072.26999999993
191072.26700000057
3115763.1013846165
191069.3891303117
Iteration 16
Total times
1101968.1021030215
1125490.1605622978
1889.9846628756495
1051.554470582727
5.98175100000007
7.551030158996582
Regrets
191069.4054561392
191069.4077778577
190991.25200000027
190931.0459999997
3115763.1013846165
191069.38913031152
Iteration 16
Total times
1197230.6195000592
1222733.633534372
2043.4092485749134
1122.7061882322741
6.2128380000000645
7.757055044174194
Regrets
191069.4054561392
191069.4077778577
190991.25200000027
190931.0459999997
3115763.1013846165
191069.38913031152
Iteration 17
Total times
2630857.2731980802
2541777.24343648
1986.5544347172909
1201.9905363946164
5.4794069999999815
7.14418888092041
Regrets
261400.28526741403
261400.28807698187
261375.94299999988
261407.5320000002
3104147.263230768
261400.32061835605
Iteration 15
Total times
4887702.6497773845
4468998.7071341155
4366.994414296954
2640.763057588556
15.981706000000111
15.3526930809021
Regrets
237729.0129704813
237729.01129022537
237657.01100000017
237776.95199999987
3138382.794153846
237728.99605287684
Iteration 17
Total times
2874669.4562935648
2753819.7996016657
2315.4025283520896
1407.7870729922433
5.991389000000088
7.538219451904297
Regrets
261400.2854150796
261400.2912007552
261340.79599999997
261366.7270000001
3104147.263230768
261400.32061835614
Iteration 18
Total times
1951871.4722807202
2027067.0258053362
1836.931988004464
1008.4397918523609
5.747569000000014
7.531903266906738
Regrets
291006.0539487978
291006.056393061
290964.5179999996
291046.53600000025
3130787.4183846083
291006.0164067149
Iteration 17
Total times
3179600.65654915
3045004.1967117903
2490.2496821427776
1534.0472742379934
6.51105599999994
8.37326169013977
Regrets
261400.2854150796
261400.2912007552
261340.79599999997
261366.7270000001
3104147.263230768
261400.32061835614
Iteration 18
Total times
2141383.923824773
2152344.4339825464
2005.7268059138878
1087.675695784972
5.9881680000000825
7.458521604537964
Regrets
291006.05526951636
291006.0502289775
290982.0969999997
290936.22899999976
3130787.418384608
291006.0164067148
Iteration 19
Total times
1765428.7885011765
1429535.3180964058
1856.0261079927877
997.6038367439032
5.027566000000017
6.536859512329102
Regrets
158095.28270323173
158095.28059543498
158097.74599999993
158143.10199999996
3109574.2716153823
158095.26918093453
Iteration 18
Total times
2372773.0921689635
2356066.6376918205
2162.803211235543
1156.885780197772
6.298194000000034
7.894305944442749
Regrets
291006.05526951636
291006.0502289775
290982.0969999997
290936.22899999976
3130787.418384608
291006.0164067148
Iteration 16
Total times
2394035.5020026406
2384693.322656984
4361.657949009066
2358.8519817673077
11.622288000000044
14.25289797782898
Regrets
191069.4054561392
191069.4077778577
190991.25200000027
190931.0459999997
3115763.1013846165
191069.38913031152
Iteration 19
Total times
1890805.687621424
1646887.9512882188
1957.5724959469808
1088.3157423048106
6.1257810000000825
7.558665037155151
Regrets
158095.28317086122
158095.28028443994
158179.41899999976
158097.9860000004
3109574.2716153823
158095.26918093447
Iteration 19
Total times
2081723.4704817235
1802772.9010251574
2103.825864348648
1177.372146813228
6.238660000000055
7.754776239395142
Regrets
158095.28317086122
158095.28028443994
158179.41899999976
158097.9860000004
3109574.2716153823
158095.26918093447
Iteration 17
Total times
6413127.185558016
5867618.208184344
5079.152206330269
3080.5560459053377
12.032133000000002
15.512978315353394
Regrets
261400.2854150796
261400.2912007552
261340.79599999997
261366.7270000001
3104147.263230768
261400.32061835614
Iteration 18
Total times
4601773.076954621
4800000.762124759
4493.681669936865
2404.078158430493
11.571299000000149
15.12109661102295
Regrets
291006.05526951636
291006.0502289775
290982.0969999997
290936.22899999976
3130787.418384608
291006.0164067148
Iteration 19
Total times
4053542.395682068
3610742.741554768
4351.155048816407
2432.6237799187656
14.339157000000053
18.929317474365234
Regrets
158095.28317086122
158095.28028443994
158179.41899999976
158097.9860000004
3109574.2716153823
158095.26918093447
Iteration 0
Total times
1915015.750911647
1740845.6939713683
1800.470271037546
960.6336551048844
5.802883000000153
6.87978196144104
Regrets
107562.25618735045
107562.25564836842
107603.08399999989
107568.67600000021
3114499.058307689
107562.2706939617
Iteration 1
Total times
1332682.1485736957
1417634.6434500255
2085.023474050482
1012.6285193026051
6.286255000000023
7.9040491580963135
Regrets
75855.6544455269
75855.65494862484
75885.9439999998
75907.25700000017
3119320.624153849
75855.64345042274
Iteration 10
Total times
2518960.9734766167
2177815.904737428
3767.1198803361112
2110.861637347618
12.321064000000163
14.948264837265015
Regrets
166154.9820797569
166154.98377524194
166156.91100000008
166121.68000000008
3114438.875692309
166154.9675405867
Iteration 2
Total times
1973575.7157274478
2021214.3285033263
2046.5222210820502
1099.3091348139933
6.272226000000067
7.792442083358765
Regrets
200245.22425978663
200245.22736163813
200308.58800000013
200171.81100000007
3103578.2987692254
200245.21027432758
Iteration 10
Total times
2917499.8113469463
2409469.2192982663
4027.9144688576707
2315.7099207672873
13.350622000000135
16.410945653915405
Regrets
166154.9820797569
166154.98377524194
166156.91100000008
166121.68000000008
3114438.875692309
166154.9675405867
Iteration 3
Total times
1774669.2223984941
1529115.3666149168
1830.7808830428694
972.3385409449402
5.918405000000126
7.258472442626953
Regrets
104760.8599707775
104760.86118118449
104805.39599999994
104754.97299999994
3111745.636846148
104760.85214976151
Iteration 11
Total times
2239780.693037251
2034530.9594074339
3819.7416695643624
2180.4089888060844
11.828591000000213
15.264903783798218
Regrets
212436.3468155694
212436.34501840474
212405.6329999998
212525.33700000006
3111777.983461536
212436.3305274238
Iteration 11
Total times
2436709.4437155607
1577355.559125222
2158.878149375727
1186.9513115623704
6.938046999999977
8.35871148109436
Regrets
212436.3468155694
212436.34501840474
212405.6329999998
212525.33700000006
3111777.983461536
212436.3305274238
Iteration 4
Total times
2209514.5299613206
2202731.814187565
1864.2031968827796
1020.0366334779392
5.902426000000056
7.197988033294678
Regrets
131295.62650121452
131295.6293995664
131287.7229999999
131328.34199999992
3115473.7948461478
131295.6105918143
Iteration 12
Total times
3431846.3172854804
4173329.948486508
4083.52062909893
2307.6267776057502
13.39438299999998
15.832835674285889
Regrets
232486.9949539977
232486.9958891456
232451.3939999998
232520.37899999964
3111555.6075384663
232486.97870796514
Iteration 12
Total times
5611086.431048406
5378525.976487232
3632.5104243270325
2036.603863514305
11.183238000000276
13.810141563415527
Regrets
232486.9949539977
232486.9958891456
232451.3939999998
232520.37899999964
3111555.6075384663
232486.97870796514
Iteration 13
Total times
3002180.354325442
2047272.559872868
2224.4381783621793
1250.7229291587719
6.918188999999996
8.368787288665771
Regrets
253973.3582324248
253973.35395522823
254028.8340000001
254016.55200000005
3123606.318230771
253973.33955655407
Iteration 13
Total times
3355661.7717448226
3127303.195760307
3406.070753060485
1949.0506737399846
10.369069000000088
12.622065782546997
Regrets
253973.3582324248
253973.35395522823
254028.8340000001
254016.55200000005
3123606.318230771
253973.33955655407
Iteration 14
Total times
2765153.8804506725
2749123.614843568
2106.2133092411095
1233.4640221896116
6.995631999999961
8.394182682037354
Regrets
178125.74147706863
178125.7359041927
178040.0907685979
178127.90799999976
3119164.3466923037
178125.72924041576
Iteration 5
Total times
7684636.360971123
6967166.651624044
5933.2743224679
3418.6221657128626
18.055244000000087
23.024758338928223
Regrets
156887.91351370674
156887.91383350003
156864.79699999987
156876.13200000027
3110921.099384617
156887.93271569148
Iteration 6
Total times
11157616.094069617
11253031.223938134
6860.8842582166835
3949.7523423047096
19.607104999999986
24.920437335968018
Regrets
194374.84909973398
194374.84734665262
194383.56453516422
194382.42399999994
3123934.2299230797
194374.82937043856
Iteration 7
Total times
7696433.3379887715
7664228.34156148
7206.96130949707
4149.538157613308
21.636982999999994
28.117583751678467
Regrets
186817.48125852316
186817.47906841213
186814.15500000003
186783.4920000004
3090688.2873846116
186817.46011723424
Iteration 8
Total times
6470414.6525047105
6965627.860438892
7334.616701243387
4039.0889956791652
22.05115599999997
27.69995403289795
Regrets
216630.96086618776
216630.95983329302
216595.39600000033
216527.48900000006
3132115.560615385
216630.94484284165
Iteration 9
Total times
7968647.128098679
7503800.237094504
2706.480443505163
2712.5946198930033
13.700623000000014
17.280944347381592
Regrets
250482.43444731578
250482.43723974618
250469.61000000083
250509.38099999976
3122306.0955384546
250482.41729101044
