Iteration 0
Total times
169.52579181200025
172.91883961300053
137.00826885200067
23.13987949200009
4.834175000000034
Regrets
1697.7510407701022
1697.7510579994628
1194.171797258598
1186.704
35823.0721
Iteration 5
Total times
154.3082749939993
81.56567530399823
100.99332574399936
21.798256622999844
4.859879000000038
Regrets
1808.5650647665925
1808.5649793267942
1322.0486149935632
1320.6600000000003
37080.94929999998
Iteration 10
Total times
483.9842876630044
366.4762003570032
163.34962812200448
22.249952738000474
4.809114000000024
Regrets
1817.708232009657
1817.7082502897276
1342.5403862274707
1338.6219999999998
35335.57020000003
Iteration 15
Total times
629.8476452139965
393.037926726007
271.62718670100236
27.17043590900002
4.865059000000036
Regrets
1761.1085974394755
1761.10850432719
1268.5853387886673
1267.0738164580118
35588.53340000005
Iteration 1
Total times
355.35449296801653
625.495534668919
165.97021829400586
32.63444202000585
4.874426000000041
Regrets
1766.8067622151702
1766.8067518173464
1265.509600349075
1262.6108663179402
34457.71329999996
Iteration 6
Total times
357.0507323820166
251.88719427899508
162.4139986280078
21.470783660999473
4.878577000000044
Regrets
1734.6333109655063
1734.6333274150247
1226.0042825298262
1224.6191929413862
35217.664799999984
Iteration 11
Total times
1224.0420838039163
255.64494807301037
122.4957559779914
28.726580492004587
4.8952910000000385
Regrets
1840.344152230403
1840.3440960623172
1379.4967797606173
1376.2622798935274
35177.41209999994
Iteration 16
Total times
461.6424352359901
114.56862863201292
456.17226603595356
47.8123716970062
4.952333000000039
Regrets
1808.751712227899
1808.7517344563273
1323.8464308606042
1322.369884313052
35945.779199999946
Iteration 2
Total times
499.7781608010689
690.8108059102917
154.3623883619838
28.74892150300377
4.870056000000039
Regrets
1767.976743753797
1767.9768510255392
1264.3170735084718
1266.5789883126486
34605.776700000024
Iteration 7
Total times
1114.0002791190618
1303.288430021787
160.06899572200723
22.149649796998688
4.868098000000042
Regrets
1839.8621989092055
1839.8622755142942
1347.2849717633558
1344.1724292474773
34516.98840000002
Iteration 12
Total times
461.90756928596767
167.10723947901909
126.78635584300548
23.951877273997297
4.902615000000034
Regrets
1666.0998037867475
1666.09976384377
1157.2172991543518
1154.1114628488601
35491.42109999998
Iteration 17
Total times
659.3715315341791
177.65121364098917
153.7161970709925
40.480375023009856
4.903590000000041
Regrets
1769.1999074003552
1769.2000180194182
1261.2520000000002
1262.6842642792355
35107.70519999999
Iteration 3
Total times
391.76559083394477
249.47377202200983
140.68495491400756
47.87978687598502
4.883195000000045
Regrets
1741.9938240933416
1741.9937551903765
1238.9873492954162
1235.6772604182547
36587.23649999992
Iteration 8
Total times
966.7716072130677
630.9302550390397
459.8301057650366
26.669195385003604
4.893626000000039
Regrets
1824.8039301843664
1824.8039093081647
1366.724656467681
1361.3054719860868
34178.702800000065
Iteration 13
Total times
1280.2685132006359
715.5168300082898
123.73766777300204
26.32515302000354
4.955572000000042
Regrets
1798.5045816895617
1798.5047016064223
1293.5261038497792
1296.478873831497
37113.995600000075
Iteration 18
Total times
370.2226014739092
369.13077261991873
113.52347497499647
29.61593158599692
4.912090000000041
Regrets
1765.8193002948872
1765.8192763419029
1273.5342544105135
1269.5819978605339
36385.25439999998
Iteration 4
Total times
6449.45673560218
6809.631751133113
198.60379108799566
25.25643792600181
4.8802710000000395
Regrets
1801.3600536491138
1801.3600649022842
1319.5491433283123
1318.590259917774
35633.674900000035
Iteration 14
Total times
291.0744325609511
74.2852537470394
162.11908320900568
23.8702478290013
4.886461000000036
Regrets
1787.6647038683627
1787.6648008930176
1279.092059793896
1277.3264767306962
34488.84510000005
Iteration 9
Total times
740.2086611540765
510.11625284068407
188.83822573500356
27.25844167000548
4.898765000000044
Regrets
1823.3253032228408
1823.3253384303014
1328.4573582364303
1329.2980000000002
35053.38920000005
Iteration 19
Total times
599.8671828771618
409.96106441109555
164.1712227209888
21.327334643996437
4.887395000000039
Regrets
1844.7059583726525
1844.7056048967327
1382.8830444050527
1380.7650624389314
34850.55510000003
