Iteration 0
Total times
1312110.9923246165
1306189.9143378094
12.935803836998502
17.333054982991143
0.9491219999999829
1.2211687564849854
Regrets
574.3230048609547
574.3224303372293
579.6172907595619
579.8762907595619
370821.2199999998
574.3242131631687
Iteration 1
Total times
510546.2179446411
421721.53357161133
15.115578259020367
20.04930169396107
0.9533709999999845
1.2403271198272705
Regrets
646.8799122396593
646.8809509823204
648.1284586322388
649.1383066323763
366528.9555000001
646.8814521886275
Iteration 2
Total times
833410.9954502755
831553.2423789939
13.718785511075112
19.929670672979228
0.9598939999999837
1.2475922107696533
Regrets
658.132275371229
658.1297448720278
675.0110682670277
675.5869138068622
365754.01829999994
658.1304802400394
Iteration 3
Total times
5009.008547075544
8513.90635845062
11.939499129031901
23.64030049696339
0.9575659999999842
1.2559840679168701
Regrets
594.7036495375207
594.705512097031
593.9137985355496
595.553842727537
368238.07749999984
594.7021108811616
Iteration 4
Total times
20410.280010785376
19841.50036944963
30.487095034003232
39.299306865902054
0.960671999999984
1.2608132362365723
Regrets
788.0226849891379
788.0212555087072
814.1157623661458
815.8874095592606
368351.3307000002
788.023110080865
Iteration 5
Total times
122195.96683173903
121954.32101897807
40.9137764690181
47.5099897790642
0.958169999999984
1.2317254543304443
Regrets
790.3822847244021
790.3826025144044
806.0280000000008
806.4510000000007
367415.18250000005
790.3818048327354
Iteration 6
Total times
1482034.0821849061
1447882.266854976
16.024778377144685
23.619785590944048
0.9521379999999842
1.2483279705047607
Regrets
575.5684644995243
575.5682479118487
590.9689999999982
592.5363878041449
367339.98050000006
575.5683174372941
Iteration 7
Total times
3372112.363696282
3363919.6864707544
52.75983720040949
59.88438466619937
0.9517259999999838
1.2414472103118896
Regrets
859.6761584190875
859.6757564234447
893.0243304727567
894.783902354173
368177.5281999996
859.6753772754317
Iteration 8
Total times
415724.6519710196
407890.80736861
13.960077451044526
40.75603592722746
0.9532339999999848
1.2330164909362793
Regrets
829.7477257461171
829.7465249756954
827.4089999999989
828.2789990613509
367734.03819999984
829.7453512362786
Iteration 9
Total times
129577.51522686213
113443.16411893329
11.348310108066471
21.686174001953987
0.9574939999999836
1.2391388416290283
Regrets
801.0415016326771
801.0388217118164
814.7980000000007
815.6230000000005
368989.6096000002
801.0396998365892
Iteration 10
Total times
24823.10577596517
17929.376162376146
20.224609301996225
33.87278452300362
0.9458509999999832
1.2086365222930908
Regrets
797.8331191046667
797.8310035611856
786.8260463901179
786.897046390118
369187.77850000036
797.830772795489
Iteration 11
Total times
3162908.8111045235
3243381.553404156
17.155815577994645
27.255009510983427
0.9632019999999857
1.2447834014892578
Regrets
889.618436427152
889.6208739636136
870.7733013322692
871.6693276436446
367974.7419
889.6208543658978
Iteration 12
Total times
97051.17047762166
103640.627671232
14.074419421974198
22.273739172003843
0.9692419999999855
1.2356359958648682
Regrets
492.71218070283396
492.7124724178277
512.5343266943037
513.142394374678
366556.6731000002
492.71444813177345
Iteration 13
Total times
6888.906097956282
5489.457990332581
14.553772337975715
24.3824163569584
0.9640419999999854
1.2414019107818604
Regrets
722.5046641447677
722.5060873394451
729.3859999999979
731.1032335034054
367744.9825000001
722.5050769095093
Iteration 14
Total times
13345.903124885335
8554.756568960613
18.879735415879168
26.82491591996859
0.959325999999985
1.2266368865966797
Regrets
751.4844633844451
751.4853946055869
749.8999289481833
751.1633079019683
364139.26609999983
751.4841546863221
Iteration 15
Total times
12812.57933402307
6591.438217238334
18.331302821957706
39.229166138010896
0.9558649999999846
1.2329950332641602
Regrets
657.2225187009099
657.2221943718552
655.3576306042073
656.9616505005832
364462.35040000046
657.2216999928827
Iteration 16
Total times
70648.13479519887
64166.21033877924
36.462192860887626
41.75464754620316
0.9668739999999851
1.248051643371582
Regrets
793.2013171020598
793.2014254107854
802.175
802.9100336504362
367978.0498999999
793.1988724316875
Iteration 17
Total times
25973.060812247306
30023.65650581629
14.645982897002341
23.62416878303611
0.9622889999999852
1.2303354740142822
Regrets
700.2876321621559
700.28634732322
700.0630000000019
701.3749976533828
366799.42189999984
700.2860138603428
Iteration 18
Total times
73539.49008772557
74789.74536089625
19.144223268000587
27.31132030202889
0.9614339999999845
1.2347571849822998
Regrets
649.7207580169974
649.7223684186172
641.0775217969936
642.1739543632126
364132.5080999998
649.7206822887753
Iteration 19
Total times
68250.08167979991
75177.28244244022
14.623427916029868
22.681547633073023
0.971425999999985
1.2618842124938965
Regrets
885.654614880532
885.6566310448882
919.5480000000007
920.5128037614168
364042.71340000065
885.6555246491798
