Iteration 0
Total times
954827.0667151527
960760.7007609122
17.164450498999713
24.070488091993866
0.9233709999999864
1.197901725769043
Regrets
574.3230786304385
574.324233176744
579.6172907595619
579.8762907595619
370821.2199999998
574.3242131631687
Iteration 1
Total times
379513.4866335492
341885.3787187634
25.656779486038886
34.54077531298026
0.9342339999999857
1.2159373760223389
Regrets
646.8796458749598
646.8809268791123
645.7696863662146
646.7621036151162
366528.9555000001
646.8814521886275
Iteration 2
Total times
612591.5074101959
598771.5782781047
20.72729593099166
30.758576909011026
0.9314559999999857
1.223404884338379
Regrets
658.1323212851415
658.1294356251848
674.7658517199235
675.183697259758
365754.01829999994
658.1304802400394
Iteration 3
Total times
4205.762498856993
6677.0607332927375
15.284990743991784
35.17992715709852
0.9294209999999855
1.217268466949463
Regrets
594.7037679518077
594.7042800547339
593.9137985355496
595.553842727537
368238.07749999984
594.7021108811616
Iteration 4
Total times
15532.398251866616
16377.82579159195
44.255411565146005
61.58085878889733
0.9449169999999867
1.2413437366485596
Regrets
788.0215790781257
788.0208504335701
814.4194514859921
816.0143151085733
368351.3307000002
788.023110080865
Iteration 5
Total times
102701.03529859305
105739.9190645144
67.75754786993048
77.34287193630689
0.9386359999999863
1.213379144668579
Regrets
790.3824444856418
790.3811213540229
806.0280000000008
806.4510000000007
367415.18250000005
790.3818048327354
Iteration 6
Total times
1011270.8254486944
969600.5102107389
23.328867639924283
36.393704441909904
0.9373199999999865
1.2230219841003418
Regrets
575.5680723423075
575.5677230150678
590.9689999999982
592.3608794139582
367339.98050000006
575.5683174372941
Iteration 7
Total times
2032363.8252655903
2002080.1447875036
89.44737090650051
101.82437242057495
0.9726219999999871
1.2288503646850586
Regrets
859.6758837545934
859.6775485866697
893.0243304727567
893.9396025160503
368177.5281999996
859.6753772754317
Iteration 8
Total times
326490.4942778399
317995.0307856002
19.323202364861572
70.70424956229635
0.9450259999999865
1.2083191871643066
Regrets
829.7478219761091
829.7472696463325
827.4089999999989
828.0957745191737
367734.03819999984
829.7453512362786
Iteration 9
Total times
104254.06254474029
105601.96156093969
14.888370491005844
33.38502526011507
0.9575119999999864
1.2158184051513672
Regrets
801.0417316113729
801.0380727218222
814.7980000000007
815.6230000000005
368989.6096000002
801.0396998365892
Iteration 10
Total times
24458.791651901993
11229.366366877235
31.89239790500433
39.13516233400581
0.9020009999999854
1.1671679019927979
Regrets
797.8309930989096
797.8306638126858
786.8260463901179
786.9030463901181
369187.77850000036
797.830772795489
Iteration 11
Total times
2650604.644406151
2632813.424037959
15.772361043962519
33.954770577004865
0.940347999999986
1.2055602073669434
Regrets
889.6176863538263
889.6192652420032
870.4000000000002
871.1564125460985
367974.7419
889.6208543658978
Iteration 12
Total times
78349.6003043916
79589.11259662604
20.397170814019773
33.672553962964685
0.9481169999999861
1.2160744667053223
Regrets
492.7121649540454
492.71318327747156
512.7789999999997
513.1683770077161
366556.6731000002
492.71444813177345
Iteration 13
Total times
5740.694533219382
4531.762898670828
20.318925802034528
37.21345028404494
0.9266309999999857
1.2018215656280518
Regrets
722.5043261858626
722.5053749963685
729.3859999999979
731.1412335034055
367744.9825000001
722.5050769095093
Iteration 14
Total times
10123.604149716384
5769.251718249015
41.46302332490313
59.7110301600037
0.9548819999999868
1.2105762958526611
Regrets
751.4841580010557
751.4871820676203
749.9629289481832
751.7076553896945
364139.26609999983
751.4841546863221
Iteration 15
Total times
9704.849947235833
5475.473265878123
34.50368652700172
72.59427408391412
0.9505289999999865
1.2172622680664062
Regrets
657.222564451006
657.2203756734623
655.3576306042073
656.3657040540137
364462.35040000046
657.2216999928827
Iteration 16
Total times
56781.094559050594
45086.38228263153
58.13459308397387
67.43090031794691
0.9497629999999857
1.208916187286377
Regrets
793.2015980431559
793.2019181998957
802.175
802.9826804794525
367978.0498999999
793.1988724316875
Iteration 17
Total times
20799.47429183405
23014.700539228674
19.57241431804505
34.97353193492154
0.9243779999999857
1.196964979171753
Regrets
700.287564845819
700.2861219210282
700.0500000000019
701.3619976533828
366799.42189999984
700.2860138603428
Iteration 18
Total times
55043.61782528246
57001.967537024524
22.544369043025654
35.419367460994636
0.9289409999999851
1.2095718383789062
Regrets
649.7207425421127
649.7219550181144
640.2275049636935
641.3665265472761
364132.5080999998
649.7206822887753
Iteration 19
Total times
57408.01125477398
56584.67856925207
21.104138086111107
34.94008187809595
0.920164999999985
1.2051355838775635
Regrets
885.654450156719
885.6548514864804
919.8570000000009
920.8268037614168
364042.71340000065
885.6555246491798
